3025
-2 -6 1
-1.92593 -6 1
-1.85185 -6 1
-1.77778 -6 1
-1.7037 -6 1
-1.62963 -6 1
-1.55556 -6 1
-1.48148 -6 1
-1.40741 -6 1
-1.33333 -6 1
-1.25926 -6 1
-1.18519 -6 1
-1.11111 -6 1
-1.03704 -6 1
-0.962963 -6 1
-0.888889 -6 1
-0.814815 -6 1
-0.740741 -6 1
-0.666667 -6 1
-0.592593 -6 1
-0.518519 -6 1
-0.444444 -6 1
-0.37037 -6 1
-0.296296 -6 1
-0.222222 -6 1
-0.148148 -6 1
-0.0740741 -6 1
0 -6 1
0.0740741 -6 1
0.148148 -6 1
0.222222 -6 1
0.296296 -6 1
0.37037 -6 1
0.444444 -6 1
0.518519 -6 1
0.592593 -6 1
0.666667 -6 1
0.740741 -6 1
0.814815 -6 1
0.888889 -6 1
0.962963 -6 1
1.03704 -6 1
1.11111 -6 1
1.18519 -6 1
1.25926 -6 1
1.33333 -6 1
1.40741 -6 1
1.48148 -6 1
1.55556 -6 1
1.62963 -6 1
1.7037 -6 1
1.77778 -6 1
1.85185 -6 1
1.92593 -6 1
2 -6 1
-2 -5.92593 1
-1.92593 -5.92593 0.998901
-1.85185 -5.92593 0.99781
-1.77778 -5.92593 0.996735
-1.7037 -5.92593 0.995683
-1.62963 -5.92593 0.994661
-1.55556 -5.92593 0.993676
-1.48148 -5.92593 0.992732
-1.40741 -5.92593 0.991834
-1.33333 -5.92593 0.990985
-1.25926 -5.92593 0.990187
-1.18519 -5.92593 0.989442
-1.11111 -5.92593 0.988752
-1.03704 -5.92593 0.988115
-0.962963 -5.92593 0.987532
-0.888889 -5.92593 0.987001
-0.814815 -5.92593 0.986521
-0.740741 -5.92593 0.986092
-0.666667 -5.92593 0.98571
-0.592593 -5.92593 0.985374
-0.518519 -5.92593 0.985082
-0.444444 -5.92593 0.984834
-0.37037 -5.92593 0.984626
-0.296296 -5.92593 0.984458
-0.222222 -5.92593 0.984329
-0.148148 -5.92593 0.984238
-0.0740741 -5.92593 0.984183
0 -5.92593 0.984165
0.0740741 -5.92593 0.984183
0.148148 -5.92593 0.984238
0.222222 -5.92593 0.984329
0.296296 -5.92593 0.984459
0.37037 -5.92593 0.984626
0.444444 -5.92593 0.984834
0.518519 -5.92593 0.985083
0.592593 -5.92593 0.985374
0.666667 -5.92593 0.98571
0.740741 -5.92593 0.986092
0.814815 -5.92593 0.986522
0.888889 -5.92593 0.987001
0.962963 -5.92593 0.987532
1.03704 -5.92593 0.988115
1.11111 -5.92593 0.988752
1.18519 -5.92593 0.989443
1.25926 -5.92593 0.990187
1.33333 -5.92593 0.990985
1.40741 -5.92593 0.991834
1.48148 -5.92593 0.992732
1.55556 -5.92593 0.993676
1.62963 -5.92593 0.994661
1.7037 -5.92593 0.995683
1.77778 -5.92593 0.996735
1.85185 -5.92593 0.99781
1.92593 -5.92593 0.998901
2 -5.92593 1
-2 -5.85185 1
-1.92593 -5.85185 0.997794
-1.85185 -5.85185 0.995604
-1.77778 -5.85185 0.993446
-1.7037 -5.85185 0.991335
-1.62963 -5.85185 0.989286
-1.55556 -5.85185 0.98731
-1.48148 -5.85185 0.985418
-1.40741 -5.85185 0.983618
-1.33333 -5.85185 0.981918
-1.25926 -5.85185 0.980321
-1.18519 -5.85185 0.978831
-1.11111 -5.85185 0.97745
-1.03704 -5.85185 0.976177
-0.962963 -5.85185 0.975011
-0.888889 -5.85185 0.973951
-0.814815 -5.85185 0.972993
-0.740741 -5.85185 0.972135
-0.666667 -5.85185 0.971373
-0.592593 -5.85185 0.970703
-0.518519 -5.85185 0.970122
-0.444444 -5.85185 0.969626
-0.37037 -5.85185 0.969213
-0.296296 -5.85185 0.968878
-0.222222 -5.85185 0.968621
-0.148148 -5.85185 0.968438
-0.0740741 -5.85185 0.968329
0 -5.85185 0.968293
0.0740741 -5.85185 0.96833
0.148148 -5.85185 0.968439
0.222222 -5.85185 0.968621
0.296296 -5.85185 0.968879
0.37037 -5.85185 0.969213
0.444444 -5.85185 0.969627
0.518519 -5.85185 0.970123
0.592593 -5.85185 0.970704
0.666667 -5.85185 0.971373
0.740741 -5.85185 0.972136
0.814815 -5.85185 0.972994
0.888889 -5.85185 0.973951
0.962963 -5.85185 0.975011
1.03704 -5.85185 0.976177
1.11111 -5.85185 0.97745
1.18519 -5.85185 0.978831
1.25926 -5.85185 0.980321
1.33333 -5.85185 0.981918
1.40741 -5.85185 0.983619
1.48148 -5.85185 0.985418
1.55556 -5.85185 0.98731
1.62963 -5.85185 0.989286
1.7037 -5.85185 0.991336
1.77778 -5.85185 0.993446
1.85185 -5.85185 0.995604
1.92593 -5.85185 0.997794
2 -5.85185 1
-2 -5.77778 1
-1.92593 -5.77778 0.99667
-1.85185 -5.77778 0.993365
-1.77778 -5.77778 0.99011
-1.7037 -5.77778 0.986927
-1.62963 -5.77778 0.983838
-1.55556 -5.77778 0.980861
-1.48148 -5.77778 0.978012
-1.40741 -5.77778 0.975304
-1.33333 -5.77778 0.972747
-1.25926 -5.77778 0.970348
-1.18519 -5.77778 0.968111
-1.11111 -5.77778 0.966039
-1.03704 -5.77778 0.964131
-0.962963 -5.77778 0.962385
-0.888889 -5.77778 0.960798
-0.814815 -5.77778 0.959366
-0.740741 -5.77778 0.958083
-0.666667 -5.77778 0.956944
-0.592593 -5.77778 0.955944
-0.518519 -5.77778 0.955077
-0.444444 -5.77778 0.954337
-0.37037 -5.77778 0.95372
-0.296296 -5.77778 0.953222
-0.222222 -5.77778 0.952838
-0.148148 -5.77778 0.952566
-0.0740741 -5.77778 0.952403
0 -5.77778 0.952349
0.0740741 -5.77778 0.952403
0.148148 -5.77778 0.952566
0.222222 -5.77778 0.952838
0.296296 -5.77778 0.953222
0.37037 -5.77778 0.95372
0.444444 -5.77778 0.954338
0.518519 -5.77778 0.955077
0.592593 -5.77778 0.955945
0.666667 -5.77778 0.956945
0.740741 -5.77778 0.958084
0.814815 -5.77778 0.959366
0.888889 -5.77778 0.960799
0.962963 -5.77778 0.962386
1.03704 -5.77778 0.964131
1.11111 -5.77778 0.96604
1.18519 -5.77778 0.968112
1.25926 -5.77778 0.970349
1.33333 -5.77778 0.972748
1.40741 -5.77778 0.975304
1.48148 -5.77778 0.978012
1.55556 -5.77778 0.980861
1.62963 -5.77778 0.983838
1.7037 -5.77778 0.986927
1.77778 -5.77778 0.99011
1.85185 -5.77778 0.993365
1.92593 -5.77778 0.99667
2 -5.77778 1
-2 -5.7037 1
-1.92593 -5.7037 0.995521
-1.85185 -5.7037 0.991077
-1.77778 -5.7037 0.986701
-1.7037 -5.7037 0.982425
-1.62963 -5.7037 0.978277
-1.55556 -5.7037 0.974283
-1.48148 -5.7037 0.970465
-1.40741 -5.7037 0.966839
-1.33333 -5.7037 0.963418
-1.25926 -5.7037 0.960213
-1.18519 -5.7037 0.957227
-1.11111 -5.7037 0.954464
-1.03704 -5.7037 0.951923
-0.962963 -5.7037 0.9496
-0.888889 -5.7037 0.947491
-0.814815 -5.7037 0.945589
-0.740741 -5.7037 0.943887
-0.666667 -5.7037 0.942377
-0.592593 -5.7037 0.941052
-0.518519 -5.7037 0.939904
-0.444444 -5.7037 0.938925
-0.37037 -5.7037 0.938109
-0.296296 -5.7037 0.93745
-0.222222 -5.7037 0.936943
-0.148148 -5.7037 0.936583
-0.0740741 -5.7037 0.936369
0 -5.7037 0.936298
0.0740741 -5.7037 0.936369
0.148148 -5.7037 0.936583
0.222222 -5.7037 0.936943
0.296296 -5.7037 0.93745
0.37037 -5.7037 0.93811
0.444444 -5.7037 0.938926
0.518519 -5.7037 0.939904
0.592593 -5.7037 0.941053
0.666667 -5.7037 0.942378
0.740741 -5.7037 0.943887
0.814815 -5.7037 0.945589
0.888889 -5.7037 0.947491
0.962963 -5.7037 0.949601
1.03704 -5.7037 0.951924
1.11111 -5.7037 0.954465
1.18519 -5.7037 0.957228
1.25926 -5.7037 0.960214
1.33333 -5.7037 0.963419
1.40741 -5.7037 0.966839
1.48148 -5.7037 0.970465
1.55556 -5.7037 0.974284
1.62963 -5.7037 0.978278
1.7037 -5.7037 0.982425
1.77778 -5.7037 0.986701
1.85185 -5.7037 0.991077
1.92593 -5.7037 0.995521
2 -5.7037 1
-2 -5.62963 1
-1.92593 -5.62963 0.994338
-1.85185 -5.62963 0.988721
-1.77778 -5.62963 0.983193
-1.7037 -5.62963 0.977794
-1.62963 -5.62963 0.972563
-1.55556 -5.62963 0.967531
-1.48148 -5.62963 0.962725
-1.40741 -5.62963 0.958168
-1.33333 -5.62963 0.953875
-1.25926 -5.62963 0.949857
-1.18519 -5.62963 0.946121
-1.11111 -5.62963 0.942668
-1.03704 -5.62963 0.939496
-0.962963 -5.62963 0.936601
-0.888889 -5.62963 0.933976
-0.814815 -5.62963 0.931611
-0.740741 -5.62963 0.929498
-0.666667 -5.62963 0.927626
-0.592593 -5.62963 0.925983
-0.518519 -5.62963 0.924562
-0.444444 -5.62963 0.92335
-0.37037 -5.62963 0.922341
-0.296296 -5.62963 0.921527
-0.222222 -5.62963 0.9209
-0.148148 -5.62963 0.920456
-0.0740741 -5.62963 0.920191
0 -5.62963 0.920103
0.0740741 -5.62963 0.920191
0.148148 -5.62963 0.920456
0.222222 -5.62963 0.9209
0.296296 -5.62963 0.921527
0.37037 -5.62963 0.922342
0.444444 -5.62963 0.923351
0.518519 -5.62963 0.924562
0.592593 -5.62963 0.925984
0.666667 -5.62963 0.927626
0.740741 -5.62963 0.929499
0.814815 -5.62963 0.931613
0.888889 -5.62963 0.933977
0.962963 -5.62963 0.936603
1.03704 -5.62963 0.939498
1.11111 -5.62963 0.942669
1.18519 -5.62963 0.946122
1.25926 -5.62963 0.949858
1.33333 -5.62963 0.953876
1.40741 -5.62963 0.958169
1.48148 -5.62963 0.962726
1.55556 -5.62963 0.967531
1.62963 -5.62963 0.972563
1.7037 -5.62963 0.977795
1.77778 -5.62963 0.983193
1.85185 -5.62963 0.988721
1.92593 -5.62963 0.994338
2 -5.62963 1
-2 -5.55556 1
-1.92593 -5.55556 0.993109
-1.85185 -5.55556 0.986276
-1.77778 -5.55556 0.979555
-1.7037 -5.55556 0.972997
-1.62963 -5.55556 0.966649
-1.55556 -5.55556 0.960551
-1.48148 -5.55556 0.954737
-1.40741 -5.55556 0.949232
-1.33333 -5.55556 0.944056
-1.25926 -5.55556 0.93922
-1.18519 -5.55556 0.934732
-1.11111 -5.55556 0.930591
-1.03704 -5.55556 0.926793
-0.962963 -5.55556 0.923333
-0.888889 -5.55556 0.920201
-0.814815 -5.55556 0.917383
-0.740741 -5.55556 0.914869
-0.666667 -5.55556 0.912644
-0.592593 -5.55556 0.910695
-0.518519 -5.55556 0.909009
-0.444444 -5.55556 0.907574
-0.37037 -5.55556 0.906379
-0.296296 -5.55556 0.905416
-0.222222 -5.55556 0.904675
-0.148148 -5.55556 0.90415
-0.0740741 -5.55556 0.903837
0 -5.55556 0.903733
0.0740741 -5.55556 0.903837
0.148148 -5.55556 0.90415
0.222222 -5.55556 0.904675
0.296296 -5.55556 0.905416
0.37037 -5.55556 0.90638
0.444444 -5.55556 0.907575
0.518519 -5.55556 0.909009
0.592593 -5.55556 0.910695
0.666667 -5.55556 0.912645
0.740741 -5.55556 0.91487
0.814815 -5.55556 0.917385
0.888889 -5.55556 0.920202
0.962963 -5.55556 0.923335
1.03704 -5.55556 0.926795
1.11111 -5.55556 0.930592
1.18519 -5.55556 0.934733
1.25926 -5.55556 0.939222
1.33333 -5.55556 0.944057
1.40741 -5.55556 0.949234
1.48148 -5.55556 0.954738
1.55556 -5.55556 0.960552
1.62963 -5.55556 0.96665
1.7037 -5.55556 0.972998
1.77778 -5.55556 0.979555
1.85185 -5.55556 0.986276
1.92593 -5.55556 0.99311
2 -5.55556 1
-2 -5.48148 1
-1.92593 -5.48148 0.991824
-1.85185 -5.48148 0.983719
-1.77778 -5.48148 0.975753
-1.7037 -5.48148 0.967989
-1.62963 -5.48148 0.960485
-1.55556 -5.48148 0.953289
-1.48148 -5.48148 0.94644
-1.40741 -5.48148 0.939969
-1.33333 -5.48148 0.933897
-1.25926 -5.48148 0.928237
-1.18519 -5.48148 0.922995
-1.11111 -5.48148 0.918169
-1.03704 -5.48148 0.913754
-0.962963 -5.48148 0.909738
-0.888889 -5.48148 0.90611
-0.814815 -5.48148 0.902853
-0.740741 -5.48148 0.89995
-0.666667 -5.48148 0.897386
-0.592593 -5.48148 0.895143
-0.518519 -5.48148 0.893205
-0.444444 -5.48148 0.891557
-0.37037 -5.48148 0.890187
-0.296296 -5.48148 0.889082
-0.222222 -5.48148 0.888233
-0.148148 -5.48148 0.887632
-0.0740741 -5.48148 0.887274
0 -5.48148 0.887155
0.0740741 -5.48148 0.887274
0.148148 -5.48148 0.887632
0.222222 -5.48148 0.888233
0.296296 -5.48148 0.889083
0.37037 -5.48148 0.890188
0.444444 -5.48148 0.891558
0.518519 -5.48148 0.893206
0.592593 -5.48148 0.895144
0.666667 -5.48148 0.897387
0.740741 -5.48148 0.899952
0.814815 -5.48148 0.902854
0.888889 -5.48148 0.906111
0.962963 -5.48148 0.90974
1.03704 -5.48148 0.913755
1.11111 -5.48148 0.91817
1.18519 -5.48148 0.922996
1.25926 -5.48148 0.928238
1.33333 -5.48148 0.933898
1.40741 -5.48148 0.93997
1.48148 -5.48148 0.946441
1.55556 -5.48148 0.95329
1.62963 -5.48148 0.960486
1.7037 -5.48148 0.96799
1.77778 -5.48148 0.975754
1.85185 -5.48148 0.983719
1.92593 -5.48148 0.991824
2 -5.48148 1
-2 -5.40741 1
-1.92593 -5.40741 0.990468
-1.85185 -5.40741 0.981023
-1.77778 -5.40741 0.971749
-1.7037 -5.40741 0.962723
-1.62963 -5.40741 0.954014
-1.55556 -5.40741 0.945679
-1.48148 -5.40741 0.937765
-1.40741 -5.40741 0.930306
-1.33333 -5.40741 0.923326
-1.25926 -5.40741 0.916836
-1.18519 -5.40741 0.910841
-1.11111 -5.40741 0.905337
-1.03704 -5.40741 0.900314
-0.962963 -5.40741 0.895757
-0.888889 -5.40741 0.891648
-0.814815 -5.40741 0.887967
-0.740741 -5.40741 0.884694
-0.666667 -5.40741 0.881807
-0.592593 -5.40741 0.879285
-0.518519 -5.40741 0.87711
-0.444444 -5.40741 0.875263
-0.37037 -5.40741 0.873729
-0.296296 -5.40741 0.872493
-0.222222 -5.40741 0.871543
-0.148148 -5.40741 0.870872
-0.0740741 -5.40741 0.870472
0 -5.40741 0.870339
0.0740741 -5.40741 0.870472
0.148148 -5.40741 0.870872
0.222222 -5.40741 0.871544
0.296296 -5.40741 0.872493
0.37037 -5.40741 0.87373
0.444444 -5.40741 0.875264
0.518519 -5.40741 0.877111
0.592593 -5.40741 0.879287
0.666667 -5.40741 0.881808
0.740741 -5.40741 0.884695
0.814815 -5.40741 0.887969
0.888889 -5.40741 0.891649
0.962963 -5.40741 0.895758
1.03704 -5.40741 0.900316
1.11111 -5.40741 0.905339
1.18519 -5.40741 0.910843
1.25926 -5.40741 0.916838
1.33333 -5.40741 0.923327
1.40741 -5.40741 0.930308
1.48148 -5.40741 0.937766
1.55556 -5.40741 0.94568
1.62963 -5.40741 0.954015
1.7037 -5.40741 0.962724
1.77778 -5.40741 0.971749
1.85185 -5.40741 0.981023
1.92593 -5.40741 0.990468
2 -5.40741 1
-2 -5.33333 1
-1.92593 -5.33333 0.989024
-1.85185 -5.33333 0.978156
-1.77778 -5.33333 0.967496
-1.7037 -5.33333 0.957139
-1.62963 -5.33333 0.947168
-1.55556 -5.33333 0.937648
-1.48148 -5.33333 0.928635
-1.40741 -5.33333 0.920165
-1.33333 -5.33333 0.912263
-1.25926 -5.33333 0.90494
-1.18519 -5.33333 0.898197
-1.11111 -5.33333 0.892025
-1.03704 -5.33333 0.886408
-0.962963 -5.33333 0.881327
-0.888889 -5.33333 0.876758
-0.814815 -5.33333 0.872675
-0.740741 -5.33333 0.869052
-0.666667 -5.33333 0.865863
-0.592593 -5.33333 0.863082
-0.518519 -5.33333 0.860688
-0.444444 -5.33333 0.858658
-0.37037 -5.33333 0.856973
-0.296296 -5.33333 0.855617
-0.222222 -5.33333 0.854576
-0.148148 -5.33333 0.853841
-0.0740741 -5.33333 0.853402
0 -5.33333 0.853257
0.0740741 -5.33333 0.853402
0.148148 -5.33333 0.853841
0.222222 -5.33333 0.854577
0.296296 -5.33333 0.855617
0.37037 -5.33333 0.856973
0.444444 -5.33333 0.858659
0.518519 -5.33333 0.860689
0.592593 -5.33333 0.863084
0.666667 -5.33333 0.865864
0.740741 -5.33333 0.869053
0.814815 -5.33333 0.872676
0.888889 -5.33333 0.876759
0.962963 -5.33333 0.881329
1.03704 -5.33333 0.88641
1.11111 -5.33333 0.892027
1.18519 -5.33333 0.898199
1.25926 -5.33333 0.904942
1.33333 -5.33333 0.912265
1.40741 -5.33333 0.920167
1.48148 -5.33333 0.928636
1.55556 -5.33333 0.93765
1.62963 -5.33333 0.947169
1.7037 -5.33333 0.957141
1.77778 -5.33333 0.967497
1.85185 -5.33333 0.978156
1.92593 -5.33333 0.989025
2 -5.33333 1
-2 -5.25926 1
-1.92593 -5.25926 0.987474
-1.85185 -5.25926 0.97508
-1.77778 -5.25926 0.962941
-1.7037 -5.25926 0.951172
-1.62963 -5.25926 0.939869
-1.55556 -5.25926 0.929112
-1.48148 -5.25926 0.918961
-1.40741 -5.25926 0.909457
-1.33333 -5.25926 0.900622
-1.25926 -5.25926 0.892466
-1.18519 -5.25926 0.884982
-1.11111 -5.25926 0.878157
-1.03704 -5.25926 0.871967
-0.962963 -5.25926 0.866386
-0.888889 -5.25926 0.861381
-0.814815 -5.25926 0.856922
-0.740741 -5.25926 0.852975
-0.666667 -5.25926 0.849509
-0.592593 -5.25926 0.846494
-0.518519 -5.25926 0.843901
-0.444444 -5.25926 0.841707
-0.37037 -5.25926 0.839887
-0.296296 -5.25926 0.838425
-0.222222 -5.25926 0.837304
-0.148148 -5.25926 0.836512
-0.0740741 -5.25926 0.83604
0 -5.25926 0.835884
0.0740741 -5.25926 0.836041
0.148148 -5.25926 0.836512
0.222222 -5.25926 0.837305
0.296296 -5.25926 0.838426
0.37037 -5.25926 0.839888
0.444444 -5.25926 0.841708
0.518519 -5.25926 0.843903
0.592593 -5.25926 0.846495
0.666667 -5.25926 0.849511
0.740741 -5.25926 0.852977
0.814815 -5.25926 0.856924
0.888889 -5.25926 0.861383
0.962963 -5.25926 0.866388
1.03704 -5.25926 0.871969
1.11111 -5.25926 0.878159
1.18519 -5.25926 0.884984
1.25926 -5.25926 0.892468
1.33333 -5.25926 0.900624
1.40741 -5.25926 0.909459
1.48148 -5.25926 0.918963
1.55556 -5.25926 0.929114
1.62963 -5.25926 0.93987
1.7037 -5.25926 0.951173
1.77778 -5.25926 0.962942
1.85185 -5.25926 0.97508
1.92593 -5.25926 0.987475
2 -5.25926 1
-2 -5.18519 1
-1.92593 -5.18519 0.985793
-1.85185 -5.18519 0.971748
-1.77778 -5.18519 0.958017
-1.7037 -5.18519 0.944737
-1.62963 -5.18519 0.932024
-1.55556 -5.18519 0.91997
-1.48148 -5.18519 0.908641
-1.40741 -5.18519 0.898078
-1.33333 -5.18519 0.888303
-1.25926 -5.18519 0.879318
-1.18519 -5.18519 0.871109
-1.11111 -5.18519 0.863653
-1.03704 -5.18519 0.856918
-0.962963 -5.18519 0.850867
-0.888889 -5.18519 0.84546
-0.814815 -5.18519 0.840658
-0.740741 -5.18519 0.836419
-0.666667 -5.18519 0.832706
-0.592593 -5.18519 0.829483
-0.518519 -5.18519 0.826717
-0.444444 -5.18519 0.82438
-0.37037 -5.18519 0.822446
-0.296296 -5.18519 0.820893
-0.222222 -5.18519 0.819703
-0.148148 -5.18519 0.818863
-0.0740741 -5.18519 0.818364
0 -5.18519 0.818198
0.0740741 -5.18519 0.818364
0.148148 -5.18519 0.818864
0.222222 -5.18519 0.819704
0.296296 -5.18519 0.820894
0.37037 -5.18519 0.822447
0.444444 -5.18519 0.824381
0.518519 -5.18519 0.826719
0.592593 -5.18519 0.829484
0.666667 -5.18519 0.832707
0.740741 -5.18519 0.836421
0.814815 -5.18519 0.84066
0.888889 -5.18519 0.845462
0.962963 -5.18519 0.850869
1.03704 -5.18519 0.85692
1.11111 -5.18519 0.863655
1.18519 -5.18519 0.871111
1.25926 -5.18519 0.87932
1.33333 -5.18519 0.888305
1.40741 -5.18519 0.89808
1.48148 -5.18519 0.908643
1.55556 -5.18519 0.919972
1.62963 -5.18519 0.932026
1.7037 -5.18519 0.944738
1.77778 -5.18519 0.958018
1.85185 -5.18519 0.971749
1.92593 -5.18519 0.985794
2 -5.18519 1
-2 -5.11111 1
-1.92593 -5.11111 0.983951
-1.85185 -5.11111 0.968102
-1.77778 -5.11111 0.952641
-1.7037 -5.11111 0.937735
-1.62963 -5.11111 0.923521
-1.55556 -5.11111 0.910103
-1.48148 -5.11111 0.897554
-1.40741 -5.11111 0.885913
-1.33333 -5.11111 0.875195
-1.25926 -5.11111 0.865393
-1.18519 -5.11111 0.856483
-1.11111 -5.11111 0.848428
-1.03704 -5.11111 0.841185
-0.962963 -5.11111 0.834704
-0.888889 -5.11111 0.828936
-0.814815 -5.11111 0.823829
-0.740741 -5.11111 0.819337
-0.666667 -5.11111 0.815412
-0.592593 -5.11111 0.812014
-0.518519 -5.11111 0.809105
-0.444444 -5.11111 0.806651
-0.37037 -5.11111 0.804623
-0.296296 -5.11111 0.802997
-0.222222 -5.11111 0.801753
-0.148148 -5.11111 0.800875
-0.0740741 -5.11111 0.800353
0 -5.11111 0.80018
0.0740741 -5.11111 0.800353
0.148148 -5.11111 0.800876
0.222222 -5.11111 0.801754
0.296296 -5.11111 0.802998
0.37037 -5.11111 0.804624
0.444444 -5.11111 0.806652
0.518519 -5.11111 0.809107
0.592593 -5.11111 0.812016
0.666667 -5.11111 0.815414
0.740741 -5.11111 0.819339
0.814815 -5.11111 0.823831
0.888889 -5.11111 0.828938
0.962963 -5.11111 0.834707
1.03704 -5.11111 0.841187
1.11111 -5.11111 0.848431
1.18519 -5.11111 0.856486
1.25926 -5.11111 0.865396
1.33333 -5.11111 0.875197
1.40741 -5.11111 0.885915
1.48148 -5.11111 0.897556
1.55556 -5.11111 0.910105
1.62963 -5.11111 0.923523
1.7037 -5.11111 0.937736
1.77778 -5.11111 0.952642
1.85185 -5.11111 0.968102
1.92593 -5.11111 0.983951
2 -5.11111 1
-2 -5.03704 1
-1.92593 -5.03704 0.981908
-1.85185 -5.03704 0.964067
-1.77778 -5.03704 0.946711
-1.7037 -5.03704 0.930042
-1.62963 -5.03704 0.914222
-1.55556 -5.03704 0.899369
-1.48148 -5.03704 0.885558
-1.40741 -5.03704 0.872824
-1.33333 -5.03704 0.861171
-1.25926 -5.03704 0.850578
-1.18519 -5.03704 0.841002
-1.11111 -5.03704 0.832393
-1.03704 -5.03704 0.82469
-0.962963 -5.03704 0.817829
-0.888889 -5.03704 0.811749
-0.814815 -5.03704 0.806387
-0.740741 -5.03704 0.801686
-0.666667 -5.03704 0.797592
-0.592593 -5.03704 0.794057
-0.518519 -5.03704 0.791038
-0.444444 -5.03704 0.788496
-0.37037 -5.03704 0.786399
-0.296296 -5.03704 0.78472
-0.222222 -5.03704 0.783436
-0.148148 -5.03704 0.782532
-0.0740741 -5.03704 0.781994
0 -5.03704 0.781815
0.0740741 -5.03704 0.781994
0.148148 -5.03704 0.782532
0.222222 -5.03704 0.783437
0.296296 -5.03704 0.784721
0.37037 -5.03704 0.7864
0.444444 -5.03704 0.788497
0.518519 -5.03704 0.791039
0.592593 -5.03704 0.794059
0.666667 -5.03704 0.797594
0.740741 -5.03704 0.801688
0.814815 -5.03704 0.80639
0.888889 -5.03704 0.811751
0.962963 -5.03704 0.817832
1.03704 -5.03704 0.824692
1.11111 -5.03704 0.832395
1.18519 -5.03704 0.841005
1.25926 -5.03704 0.85058
1.33333 -5.03704 0.861174
1.40741 -5.03704 0.872826
1.48148 -5.03704 0.88556
1.55556 -5.03704 0.899371
1.62963 -5.03704 0.914223
1.7037 -5.03704 0.930043
1.77778 -5.03704 0.946712
1.85185 -5.03704 0.964068
1.92593 -5.03704 0.981909
2 -5.03704 1
-2 -4.96296 1
-1.92593 -4.96296 0.979615
-1.85185 -4.96296 0.959548
-1.77778 -4.96296 0.940094
-1.7037 -4.96296 0.921499
-1.62963 -4.96296 0.903955
-1.55556 -4.96296 0.887592
-1.48148 -4.96296 0.872484
-1.40741 -4.96296 0.858655
-1.33333 -4.96296 0.846089
-1.25926 -4.96296 0.834743
-1.18519 -4.96296 0.824555
-1.11111 -4.96296 0.815451
-1.03704 -4.96296 0.807351
-0.962963 -4.96296 0.800175
-0.888889 -4.96296 0.793844
-0.814815 -4.96296 0.788285
-0.740741 -4.96296 0.783429
-0.666667 -4.96296 0.779214
-0.592593 -4.96296 0.775585
-0.518519 -4.96296 0.772493
-0.444444 -4.96296 0.769896
-0.37037 -4.96296 0.767757
-0.296296 -4.96296 0.766047
-0.222222 -4.96296 0.764741
-0.148148 -4.96296 0.763822
-0.0740741 -4.96296 0.763275
0 -4.96296 0.763094
0.0740741 -4.96296 0.763276
0.148148 -4.96296 0.763822
0.222222 -4.96296 0.764742
0.296296 -4.96296 0.766048
0.37037 -4.96296 0.767758
0.444444 -4.96296 0.769897
0.518519 -4.96296 0.772495
0.592593 -4.96296 0.775587
0.666667 -4.96296 0.779216
0.740741 -4.96296 0.783431
0.814815 -4.96296 0.788287
0.888889 -4.96296 0.793847
0.962963 -4.96296 0.800178
1.03704 -4.96296 0.807354
1.11111 -4.96296 0.815454
1.18519 -4.96296 0.824558
1.25926 -4.96296 0.834746
1.33333 -4.96296 0.846091
1.40741 -4.96296 0.858657
1.48148 -4.96296 0.872487
1.55556 -4.96296 0.887594
1.62963 -4.96296 0.903957
1.7037 -4.96296 0.9215
1.77778 -4.96296 0.940095
1.85185 -4.96296 0.959549
1.92593 -4.96296 0.979615
2 -4.96296 1
-2 -4.88889 1
-1.92593 -4.88889 0.977003
-1.85185 -4.88889 0.954418
-1.77778 -4.88889 0.932616
-1.7037 -4.88889 0.911905
-1.62963 -4.88889 0.892507
-1.55556 -4.88889 0.874562
-1.48148 -4.88889 0.858133
-1.40741 -4.88889 0.843222
-1.33333 -4.88889 0.829786
-1.25926 -4.88889 0.817752
-1.18519 -4.88889 0.807025
-1.11111 -4.88889 0.797506
-1.03704 -4.88889 0.789089
-0.962963 -4.88889 0.781675
-0.888889 -4.88889 0.775168
-0.814815 -4.88889 0.769479
-0.740741 -4.88889 0.76453
-0.666667 -4.88889 0.76025
-0.592593 -4.88889 0.756576
-0.518519 -4.88889 0.753454
-0.444444 -4.88889 0.750837
-0.37037 -4.88889 0.748687
-0.296296 -4.88889 0.746969
-0.222222 -4.88889 0.74566
-0.148148 -4.88889 0.744739
-0.0740741 -4.88889 0.744192
0 -4.88889 0.74401
0.0740741 -4.88889 0.744192
0.148148 -4.88889 0.74474
0.222222 -4.88889 0.745661
0.296296 -4.88889 0.746971
0.37037 -4.88889 0.748688
0.444444 -4.88889 0.750839
0.518519 -4.88889 0.753456
0.592593 -4.88889 0.756578
0.666667 -4.88889 0.760253
0.740741 -4.88889 0.764533
0.814815 -4.88889 0.769482
0.888889 -4.88889 0.77517
0.962963 -4.88889 0.781678
1.03704 -4.88889 0.789092
1.11111 -4.88889 0.797509
1.18519 -4.88889 0.807028
1.25926 -4.88889 0.817754
1.33333 -4.88889 0.829789
1.40741 -4.88889 0.843224
1.48148 -4.88889 0.858135
1.55556 -4.88889 0.874564
1.62963 -4.88889 0.892509
1.7037 -4.88889 0.911907
1.77778 -4.88889 0.932618
1.85185 -4.88889 0.954418
1.92593 -4.88889 0.977004
2 -4.88889 1
-2 -4.81481 1
-1.92593 -4.81481 0.97398
-1.85185 -4.81481 0.948503
-1.77778 -4.81481 0.924049
-1.7037 -4.81481 0.900998
-1.62963 -4.81481 0.879607
-1.55556 -4.81481 0.860015
-1.48148 -4.81481 0.842263
-1.40741 -4.81481 0.826314
-1.33333 -4.81481 0.812083
-1.25926 -4.81481 0.799452
-1.18519 -4.81481 0.788288
-1.11111 -4.81481 0.778457
-1.03704 -4.81481 0.769826
-0.962963 -4.81481 0.762269
-0.888889 -4.81481 0.755672
-0.814815 -4.81481 0.749934
-0.740741 -4.81481 0.744964
-0.666667 -4.81481 0.740681
-0.592593 -4.81481 0.737016
-0.518519 -4.81481 0.73391
-0.444444 -4.81481 0.731313
-0.37037 -4.81481 0.729183
-0.296296 -4.81481 0.727485
-0.222222 -4.81481 0.726192
-0.148148 -4.81481 0.725282
-0.0740741 -4.81481 0.724743
0 -4.81481 0.724564
0.0740741 -4.81481 0.724743
0.148148 -4.81481 0.725283
0.222222 -4.81481 0.726192
0.296296 -4.81481 0.727486
0.37037 -4.81481 0.729184
0.444444 -4.81481 0.731315
0.518519 -4.81481 0.733912
0.592593 -4.81481 0.737018
0.666667 -4.81481 0.740683
0.740741 -4.81481 0.744966
0.814815 -4.81481 0.749937
0.888889 -4.81481 0.755675
0.962963 -4.81481 0.762271
1.03704 -4.81481 0.769828
1.11111 -4.81481 0.77846
1.18519 -4.81481 0.788291
1.25926 -4.81481 0.799454
1.33333 -4.81481 0.812085
1.40741 -4.81481 0.826316
1.48148 -4.81481 0.842265
1.55556 -4.81481 0.860017
1.62963 -4.81481 0.879609
1.7037 -4.81481 0.901
1.77778 -4.81481 0.92405
1.85185 -4.81481 0.948503
1.92593 -4.81481 0.973981
2 -4.81481 1
-2 -4.74074 1
-1.92593 -4.74074 0.970415
-1.85185 -4.74074 0.941564
-1.77778 -4.74074 0.914079
-1.7037 -4.74074 0.888432
-1.62963 -4.74074 0.864908
-1.55556 -4.74074 0.84363
-1.48148 -4.74074 0.824589
-1.40741 -4.74074 0.807689
-1.33333 -4.74074 0.792779
-1.25926 -4.74074 0.779684
-1.18519 -4.74074 0.76822
-1.11111 -4.74074 0.75821
-1.03704 -4.74074 0.749487
-0.962963 -4.74074 0.741902
-0.888889 -4.74074 0.735319
-0.814815 -4.74074 0.729623
-0.740741 -4.74074 0.72471
-0.666667 -4.74074 0.720493
-0.592593 -4.74074 0.716897
-0.518519 -4.74074 0.713858
-0.444444 -4.74074 0.711322
-0.37037 -4.74074 0.709247
-0.296296 -4.74074 0.707595
-0.222222 -4.74074 0.706339
-0.148148 -4.74074 0.705457
-0.0740741 -4.74074 0.704933
0 -4.74074 0.70476
0.0740741 -4.74074 0.704934
0.148148 -4.74074 0.705457
0.222222 -4.74074 0.70634
0.296296 -4.74074 0.707597
0.37037 -4.74074 0.709249
0.444444 -4.74074 0.711324
0.518519 -4.74074 0.71386
0.592593 -4.74074 0.716899
0.666667 -4.74074 0.720495
0.740741 -4.74074 0.724712
0.814815 -4.74074 0.729625
0.888889 -4.74074 0.735322
0.962963 -4.74074 0.741905
1.03704 -4.74074 0.74949
1.11111 -4.74074 0.758213
1.18519 -4.74074 0.768223
1.25926 -4.74074 0.779687
1.33333 -4.74074 0.792782
1.40741 -4.74074 0.807691
1.48148 -4.74074 0.824591
1.55556 -4.74074 0.843632
1.62963 -4.74074 0.86491
1.7037 -4.74074 0.888433
1.77778 -4.74074 0.91408
1.85185 -4.74074 0.941564
1.92593 -4.74074 0.970416
2 -4.74074 1
-2 -4.66667 1
-1.92593 -4.66667 0.966117
-1.85185 -4.66667 0.933257
-1.77778 -4.66667 0.902272
-1.7037 -4.66667 0.873741
-1.62963 -4.66667 0.847964
-1.55556 -4.66667 0.825007
-1.48148 -4.66667 0.804774
-1.40741 -4.66667 0.787073
-1.33333 -4.66667 0.771661
-1.25926 -4.66667 0.758285
-1.18519 -4.66667 0.746698
-1.11111 -4.66667 0.736675
-1.03704 -4.66667 0.728012
-0.962963 -4.66667 0.720531
-0.888889 -4.66667 0.71408
-0.814815 -4.66667 0.708527
-0.740741 -4.66667 0.70376
-0.666667 -4.66667 0.699684
-0.592593 -4.66667 0.69622
-0.518519 -4.66667 0.693302
-0.444444 -4.66667 0.690872
-0.37037 -4.66667 0.688888
-0.296296 -4.66667 0.687311
-0.222222 -4.66667 0.686113
-0.148148 -4.66667 0.685272
-0.0740741 -4.66667 0.684774
0 -4.66667 0.684609
0.0740741 -4.66667 0.684774
0.148148 -4.66667 0.685273
0.222222 -4.66667 0.686114
0.296296 -4.66667 0.687312
0.37037 -4.66667 0.688889
0.444444 -4.66667 0.690874
0.518519 -4.66667 0.693304
0.592593 -4.66667 0.696223
0.666667 -4.66667 0.699687
0.740741 -4.66667 0.703763
0.814815 -4.66667 0.70853
0.888889 -4.66667 0.714083
0.962963 -4.66667 0.720535
1.03704 -4.66667 0.728015
1.11111 -4.66667 0.736678
1.18519 -4.66667 0.746701
1.25926 -4.66667 0.758288
1.33333 -4.66667 0.771664
1.40741 -4.66667 0.787076
1.48148 -4.66667 0.804777
1.55556 -4.66667 0.825009
1.62963 -4.66667 0.847966
1.7037 -4.66667 0.873743
1.77778 -4.66667 0.902274
1.85185 -4.66667 0.933258
1.92593 -4.66667 0.966117
2 -4.66667 1
-2 -4.59259 1
-1.92593 -4.59259 0.960795
-1.85185 -4.59259 0.923077
-1.77778 -4.59259 0.888011
-1.7037 -4.59259 0.856297
-1.62963 -4.59259 0.828199
-1.55556 -4.59259 0.803659
-1.48148 -4.59259 0.782429
-1.40741 -4.59259 0.764168
-1.33333 -4.59259 0.748507
-1.25926 -4.59259 0.735096
-1.18519 -4.59259 0.723614
-1.11111 -4.59259 0.71378
-1.03704 -4.59259 0.705354
-0.962963 -4.59259 0.698132
-0.888889 -4.59259 0.691944
-0.814815 -4.59259 0.686646
-0.740741 -4.59259 0.682119
-0.666667 -4.59259 0.678265
-0.592593 -4.59259 0.674999
-0.518519 -4.59259 0.672256
-0.444444 -4.59259 0.669978
-0.37037 -4.59259 0.668121
-0.296296 -4.59259 0.666648
-0.222222 -4.59259 0.66553
-0.148148 -4.59259 0.664746
-0.0740741 -4.59259 0.664282
0 -4.59259 0.664128
0.0740741 -4.59259 0.664282
0.148148 -4.59259 0.664747
0.222222 -4.59259 0.665531
0.296296 -4.59259 0.666649
0.37037 -4.59259 0.668123
0.444444 -4.59259 0.66998
0.518519 -4.59259 0.672258
0.592593 -4.59259 0.675002
0.666667 -4.59259 0.678267
0.740741 -4.59259 0.682122
0.814815 -4.59259 0.686649
0.888889 -4.59259 0.691947
0.962963 -4.59259 0.698135
1.03704 -4.59259 0.705357
1.11111 -4.59259 0.713783
1.18519 -4.59259 0.723617
1.25926 -4.59259 0.735099
1.33333 -4.59259 0.748511
1.40741 -4.59259 0.764171
1.48148 -4.59259 0.782432
1.55556 -4.59259 0.803662
1.62963 -4.59259 0.828201
1.7037 -4.59259 0.856299
1.77778 -4.59259 0.888013
1.85185 -4.59259 0.923078
1.92593 -4.59259 0.960796
2 -4.59259 1
-2 -4.51852 1
-1.92593 -4.51852 0.953986
-1.85185 -4.51852 0.910244
-1.77778 -4.51852 0.870398
-1.7037 -4.51852 0.835238
-1.62963 -4.51852 0.804875
-1.55556 -4.51852 0.779002
-1.48148 -4.51852 0.757116
-1.40741 -4.51852 0.738661
-1.33333 -4.51852 0.723105
-1.25926 -4.51852 0.709979
-1.18519 -4.51852 0.698881
-1.11111 -4.51852 0.689477
-1.03704 -4.51852 0.681492
-0.962963 -4.51852 0.6747
-0.888889 -4.51852 0.668918
-0.814815 -4.51852 0.663994
-0.740741 -4.51852 0.659807
-0.666667 -4.51852 0.656256
-0.592593 -4.51852 0.653257
-0.518519 -4.51852 0.650745
-0.444444 -4.51852 0.648664
-0.37037 -4.51852 0.64697
-0.296296 -4.51852 0.645629
-0.222222 -4.51852 0.644613
-0.148148 -4.51852 0.643901
-0.0740741 -4.51852 0.643479
0 -4.51852 0.64334
0.0740741 -4.51852 0.643479
0.148148 -4.51852 0.643901
0.222222 -4.51852 0.644614
0.296296 -4.51852 0.64563
0.37037 -4.51852 0.646972
0.444444 -4.51852 0.648666
0.518519 -4.51852 0.650747
0.592593 -4.51852 0.65326
0.666667 -4.51852 0.656258
0.740741 -4.51852 0.65981
0.814815 -4.51852 0.663997
0.888889 -4.51852 0.668921
0.962963 -4.51852 0.674703
1.03704 -4.51852 0.681495
1.11111 -4.51852 0.68948
1.18519 -4.51852 0.698884
1.25926 -4.51852 0.709982
1.33333 -4.51852 0.723108
1.40741 -4.51852 0.738664
1.48148 -4.51852 0.757119
1.55556 -4.51852 0.779005
1.62963 -4.51852 0.804877
1.7037 -4.51852 0.83524
1.77778 -4.51852 0.8704
1.85185 -4.51852 0.910245
1.92593 -4.51852 0.953987
2 -4.51852 1
-2 -4.44444 1
-1.92593 -4.44444 0.944906
-1.85185 -4.44444 0.893515
-1.77778 -4.44444 0.8481
-1.7037 -4.44444 0.809382
-1.62963 -4.44444 0.777061
-1.55556 -4.44444 0.750359
-1.48148 -4.44444 0.728373
-1.40741 -4.44444 0.710255
-1.33333 -4.44444 0.695274
-1.25926 -4.44444 0.682834
-1.18519 -4.44444 0.672454
-1.11111 -4.44444 0.663755
-1.03704 -4.44444 0.656436
-0.962963 -4.44444 0.650259
-0.888889 -4.44444 0.645032
-0.814815 -4.44444 0.640607
-0.740741 -4.44444 0.63686
-0.666667 -4.44444 0.633693
-0.592593 -4.44444 0.631029
-0.518519 -4.44444 0.628803
-0.444444 -4.44444 0.626963
-0.37037 -4.44444 0.625468
-0.296296 -4.44444 0.624286
-0.222222 -4.44444 0.623391
-0.148148 -4.44444 0.622765
-0.0740741 -4.44444 0.622395
0 -4.44444 0.622272
0.0740741 -4.44444 0.622395
0.148148 -4.44444 0.622766
0.222222 -4.44444 0.623392
0.296296 -4.44444 0.624287
0.37037 -4.44444 0.62547
0.444444 -4.44444 0.626965
0.518519 -4.44444 0.628805
0.592593 -4.44444 0.631032
0.666667 -4.44444 0.633696
0.740741 -4.44444 0.636862
0.814815 -4.44444 0.64061
0.888889 -4.44444 0.645036
0.962963 -4.44444 0.650262
1.03704 -4.44444 0.65644
1.11111 -4.44444 0.663759
1.18519 -4.44444 0.672458
1.25926 -4.44444 0.682837
1.33333 -4.44444 0.695277
1.40741 -4.44444 0.710258
1.48148 -4.44444 0.728376
1.55556 -4.44444 0.750361
1.62963 -4.44444 0.777063
1.7037 -4.44444 0.809384
1.77778 -4.44444 0.848102
1.85185 -4.44444 0.893516
1.92593 -4.44444 0.944907
2 -4.44444 1
-2 -4.37037 1
-1.92593 -4.37037 0.932123
-1.85185 -4.37037 0.870811
-1.77778 -4.37037 0.819105
-1.7037 -4.37037 0.777129
-1.62963 -4.37037 0.743628
-1.55556 -4.37037 0.716999
-1.48148 -4.37037 0.695763
-1.40741 -4.37037 0.67871
-1.33333 -4.37037 0.664903
-1.25926 -4.37037 0.653628
-1.18519 -4.37037 0.644347
-1.11111 -4.37037 0.636654
-1.03704 -4.37037 0.63024
-0.962963 -4.37037 0.624866
-0.888889 -4.37037 0.620347
-0.814815 -4.37037 0.61654
-0.740741 -4.37037 0.613331
-0.666667 -4.37037 0.61063
-0.592593 -4.37037 0.608363
-0.518519 -4.37037 0.606474
-0.444444 -4.37037 0.604917
-0.37037 -4.37037 0.603653
-0.296296 -4.37037 0.602656
-0.222222 -4.37037 0.601902
-0.148148 -4.37037 0.601375
-0.0740741 -4.37037 0.601063
0 -4.37037 0.60096
0.0740741 -4.37037 0.601063
0.148148 -4.37037 0.601375
0.222222 -4.37037 0.601903
0.296296 -4.37037 0.602657
0.37037 -4.37037 0.603655
0.444444 -4.37037 0.604919
0.518519 -4.37037 0.606476
0.592593 -4.37037 0.608366
0.666667 -4.37037 0.610632
0.740741 -4.37037 0.613334
0.814815 -4.37037 0.616544
0.888889 -4.37037 0.620351
0.962963 -4.37037 0.624869
1.03704 -4.37037 0.630243
1.11111 -4.37037 0.636658
1.18519 -4.37037 0.644351
1.25926 -4.37037 0.653631
1.33333 -4.37037 0.664906
1.40741 -4.37037 0.678713
1.48148 -4.37037 0.695766
1.55556 -4.37037 0.717002
1.62963 -4.37037 0.743631
1.7037 -4.37037 0.777131
1.77778 -4.37037 0.819106
1.85185 -4.37037 0.870812
1.92593 -4.37037 0.932123
2 -4.37037 1
-2 -4.2963 1
-1.92593 -4.2963 0.912774
-1.85185 -4.2963 0.838502
-1.77778 -4.2963 0.780379
-1.7037 -4.2963 0.736402
-1.62963 -4.2963 0.703324
-1.55556 -4.2963 0.678246
-1.48148 -4.2963 0.658969
-1.40741 -4.2963 0.643921
-1.33333 -4.2963 0.632
-1.25926 -4.2963 0.622427
-1.18519 -4.2963 0.614653
-1.11111 -4.2963 0.608276
-1.03704 -4.2963 0.603003
-0.962963 -4.2963 0.598617
-0.888889 -4.2963 0.594951
-0.814815 -4.2963 0.591877
-0.740741 -4.2963 0.589296
-0.666667 -4.2963 0.587131
-0.592593 -4.2963 0.58532
-0.518519 -4.2963 0.583815
-0.444444 -4.2963 0.582576
-0.37037 -4.2963 0.581573
-0.296296 -4.2963 0.580783
-0.222222 -4.2963 0.580186
-0.148148 -4.2963 0.579769
-0.0740741 -4.2963 0.579522
0 -4.2963 0.579441
0.0740741 -4.2963 0.579523
0.148148 -4.2963 0.579769
0.222222 -4.2963 0.580187
0.296296 -4.2963 0.580784
0.37037 -4.2963 0.581575
0.444444 -4.2963 0.582578
0.518519 -4.2963 0.583817
0.592593 -4.2963 0.585323
0.666667 -4.2963 0.587134
0.740741 -4.2963 0.589299
0.814815 -4.2963 0.59188
0.888889 -4.2963 0.594954
0.962963 -4.2963 0.598621
1.03704 -4.2963 0.603007
1.11111 -4.2963 0.608279
1.18519 -4.2963 0.614656
1.25926 -4.2963 0.622431
1.33333 -4.2963 0.632003
1.40741 -4.2963 0.643924
1.48148 -4.2963 0.658972
1.55556 -4.2963 0.678249
1.62963 -4.2963 0.703326
1.7037 -4.2963 0.736403
1.77778 -4.2963 0.78038
1.85185 -4.2963 0.838503
1.92593 -4.2963 0.912774
2 -4.2963 1
-2 -4.22222 1
-1.92593 -4.22222 0.880469
-1.85185 -4.22222 0.790045
-1.77778 -4.22222 0.727506
-1.7037 -4.22222 0.684775
-1.62963 -4.22222 0.65502
-1.55556 -4.22222 0.633693
-1.48148 -4.22222 0.617946
-1.40741 -4.22222 0.606006
-1.33333 -4.22222 0.596747
-1.25926 -4.22222 0.58943
-1.18519 -4.22222 0.58356
-1.11111 -4.22222 0.578792
-1.03704 -4.22222 0.574881
-0.962963 -4.22222 0.571649
-0.888889 -4.22222 0.568962
-0.814815 -4.22222 0.56672
-0.740741 -4.22222 0.564845
-0.666667 -4.22222 0.563278
-0.592593 -4.22222 0.561972
-0.518519 -4.22222 0.560889
-0.444444 -4.22222 0.56
-0.37037 -4.22222 0.559282
-0.296296 -4.22222 0.558716
-0.222222 -4.22222 0.55829
-0.148148 -4.22222 0.557993
-0.0740741 -4.22222 0.557817
0 -4.22222 0.557759
0.0740741 -4.22222 0.557817
0.148148 -4.22222 0.557993
0.222222 -4.22222 0.558291
0.296296 -4.22222 0.558718
0.37037 -4.22222 0.559283
0.444444 -4.22222 0.560002
0.518519 -4.22222 0.560891
0.592593 -4.22222 0.561975
0.666667 -4.22222 0.563281
0.740741 -4.22222 0.564848
0.814815 -4.22222 0.566723
0.888889 -4.22222 0.568965
0.962963 -4.22222 0.571652
1.03704 -4.22222 0.574885
1.11111 -4.22222 0.578796
1.18519 -4.22222 0.583564
1.25926 -4.22222 0.589433
1.33333 -4.22222 0.59675
1.40741 -4.22222 0.60601
1.48148 -4.22222 0.617949
1.55556 -4.22222 0.633695
1.62963 -4.22222 0.655022
1.7037 -4.22222 0.684776
1.77778 -4.22222 0.727507
1.85185 -4.22222 0.790046
1.92593 -4.22222 0.88047
2 -4.22222 1
-2 -4.14815 1
-1.92593 -4.14815 0.819059
-1.85185 -4.14815 0.713704
-1.77778 -4.14815 0.654825
-1.7037 -4.14815 0.620171
-1.62963 -4.14815 0.598289
-1.55556 -4.14815 0.583559
-1.48148 -4.14815 0.573116
-1.40741 -4.14815 0.565412
-1.33333 -4.14815 0.559551
-1.25926 -4.14815 0.554986
-1.18519 -4.14815 0.551365
-1.11111 -4.14815 0.548452
-1.03704 -4.14815 0.546081
-0.962963 -4.14815 0.544136
-0.888889 -4.14815 0.542529
-0.814815 -4.14815 0.541196
-0.740741 -4.14815 0.540087
-0.666667 -4.14815 0.539166
-0.592593 -4.14815 0.538401
-0.518519 -4.14815 0.537769
-0.444444 -4.14815 0.537253
-0.37037 -4.14815 0.536837
-0.296296 -4.14815 0.536511
-0.222222 -4.14815 0.536266
-0.148148 -4.14815 0.536095
-0.0740741 -4.14815 0.535994
0 -4.14815 0.535961
0.0740741 -4.14815 0.535995
0.148148 -4.14815 0.536096
0.222222 -4.14815 0.536267
0.296296 -4.14815 0.536513
0.37037 -4.14815 0.536839
0.444444 -4.14815 0.537255
0.518519 -4.14815 0.537772
0.592593 -4.14815 0.538403
0.666667 -4.14815 0.539168
0.740741 -4.14815 0.54009
0.814815 -4.14815 0.541199
0.888889 -4.14815 0.542532
0.962963 -4.14815 0.544139
1.03704 -4.14815 0.546085
1.11111 -4.14815 0.548456
1.18519 -4.14815 0.551369
1.25926 -4.14815 0.55499
1.33333 -4.14815 0.559554
1.40741 -4.14815 0.565415
1.48148 -4.14815 0.573119
1.55556 -4.14815 0.583562
1.62963 -4.14815 0.598292
1.7037 -4.14815 0.620172
1.77778 -4.14815 0.654827
1.85185 -4.14815 0.713705
1.92593 -4.14815 0.819059
2 -4.14815 1
-2 -4.07407 1
-1.92593 -4.07407 0.682063
-1.85185 -4.07407 0.590885
-1.77778 -4.07407 0.557921
-1.7037 -4.07407 0.542793
-1.62963 -4.07407 0.534408
-1.55556 -4.07407 0.529137
-1.48148 -4.07407 0.525548
-1.40741 -4.07407 0.522973
-1.33333 -4.07407 0.521059
-1.25926 -4.07407 0.519599
-1.18519 -4.07407 0.518464
-1.11111 -4.07407 0.517569
-1.03704 -4.07407 0.516856
-0.962963 -4.07407 0.516284
-0.888889 -4.07407 0.515822
-0.814815 -4.07407 0.515447
-0.740741 -4.07407 0.515143
-0.666667 -4.07407 0.514896
-0.592593 -4.07407 0.514696
-0.518519 -4.07407 0.514535
-0.444444 -4.07407 0.514406
-0.37037 -4.07407 0.514304
-0.296296 -4.07407 0.514226
-0.222222 -4.07407 0.514168
-0.148148 -4.07407 0.514128
-0.0740741 -4.07407 0.514105
0 -4.07407 0.514097
0.0740741 -4.07407 0.514105
0.148148 -4.07407 0.514129
0.222222 -4.07407 0.514169
0.296296 -4.07407 0.514227
0.37037 -4.07407 0.514306
0.444444 -4.07407 0.514408
0.518519 -4.07407 0.514537
0.592593 -4.07407 0.514699
0.666667 -4.07407 0.514899
0.740741 -4.07407 0.515146
0.814815 -4.07407 0.515451
0.888889 -4.07407 0.515825
0.962963 -4.07407 0.516288
1.03704 -4.07407 0.51686
1.11111 -4.07407 0.517573
1.18519 -4.07407 0.518467
1.25926 -4.07407 0.519602
1.33333 -4.07407 0.521062
1.40741 -4.07407 0.522977
1.48148 -4.07407 0.525551
1.55556 -4.07407 0.52914
1.62963 -4.07407 0.534411
1.7037 -4.07407 0.542795
1.77778 -4.07407 0.557923
1.85185 -4.07407 0.590886
1.92593 -4.07407 0.682063
2 -4.07407 1
-2 -4 0
-1.92593 -4 0.318307
-1.85185 -4 0.409853
-1.77778 -4 0.443182
-1.7037 -4 0.458672
-1.62963 -4 0.467413
-1.55556 -4 0.473034
-1.48148 -4 0.476966
-1.40741 -4 0.479875
-1.33333 -4 0.482113
-1.25926 -4 0.483886
-1.18519 -4 0.485322
-1.11111 -4 0.486505
-1.03704 -4 0.487491
-0.962963 -4 0.488322
-0.888889 -4 0.489028
-0.814815 -4 0.489629
-0.740741 -4 0.490142
-0.666667 -4 0.49058
-0.592593 -4 0.490953
-0.518519 -4 0.491268
-0.444444 -4 0.491532
-0.37037 -4 0.491748
-0.296296 -4 0.49192
-0.222222 -4 0.492052
-0.148148 -4 0.492144
-0.0740741 -4 0.492199
0 -4 0.492218
0.0740741 -4 0.4922
0.148148 -4 0.492145
0.222222 -4 0.492053
0.296296 -4 0.491922
0.37037 -4 0.491749
0.444444 -4 0.491534
0.518519 -4 0.491271
0.592593 -4 0.490956
0.666667 -4 0.490583
0.740741 -4 0.490145
0.814815 -4 0.489632
0.888889 -4 0.489031
0.962963 -4 0.488326
1.03704 -4 0.487495
1.11111 -4 0.486508
1.18519 -4 0.485326
1.25926 -4 0.48389
1.33333 -4 0.482117
1.40741 -4 0.479878
1.48148 -4 0.476969
1.55556 -4 0.473037
1.62963 -4 0.467416
1.7037 -4 0.458674
1.77778 -4 0.443183
1.85185 -4 0.409854
1.92593 -4 0.318307
2 -4 0
-2 -3.92593 0
-1.92593 -3.92593 0.181312
-1.85185 -3.92593 0.287037
-1.77778 -3.92593 0.346282
-1.7037 -3.92593 0.3813
-1.62963 -3.92593 0.403539
-1.55556 -3.92593 0.418621
-1.48148 -3.92593 0.429407
-1.40741 -3.92593 0.437447
-1.33333 -3.92593 0.443633
-1.25926 -3.92593 0.448512
-1.18519 -3.92593 0.452434
-1.11111 -3.92593 0.455636
-1.03704 -3.92593 0.458282
-0.962963 -3.92593 0.460487
-0.888889 -3.92593 0.462338
-0.814815 -3.92593 0.463898
-0.740741 -3.92593 0.465216
-0.666667 -3.92593 0.46633
-0.592593 -3.92593 0.467268
-0.518519 -3.92593 0.468054
-0.444444 -3.92593 0.468705
-0.37037 -3.92593 0.469235
-0.296296 -3.92593 0.469656
-0.222222 -3.92593 0.469975
-0.148148 -3.92593 0.470199
-0.0740741 -3.92593 0.470331
0 -3.92593 0.470375
0.0740741 -3.92593 0.470332
0.148148 -3.92593 0.470199
0.222222 -3.92593 0.469976
0.296296 -3.92593 0.469657
0.37037 -3.92593 0.469237
0.444444 -3.92593 0.468707
0.518519 -3.92593 0.468056
0.592593 -3.92593 0.467271
0.666667 -3.92593 0.466333
0.740741 -3.92593 0.465219
0.814815 -3.92593 0.463901
0.888889 -3.92593 0.462341
0.962963 -3.92593 0.46049
1.03704 -3.92593 0.458285
1.11111 -3.92593 0.45564
1.18519 -3.92593 0.452438
1.25926 -3.92593 0.448515
1.33333 -3.92593 0.443636
1.40741 -3.92593 0.43745
1.48148 -3.92593 0.42941
1.55556 -3.92593 0.418623
1.62963 -3.92593 0.403541
1.7037 -3.92593 0.381302
1.77778 -3.92593 0.346283
1.85185 -3.92593 0.287038
1.92593 -3.92593 0.181312
2 -3.92593 0
-2 -3.85185 0
-1.92593 -3.85185 0.119904
-1.85185 -3.85185 0.2107
-1.77778 -3.85185 0.273609
-1.7037 -3.85185 0.316706
-1.62963 -3.85185 0.346821
-1.55556 -3.85185 0.368503
-1.48148 -3.85185 0.384596
-1.40741 -3.85185 0.396873
-1.33333 -3.85185 0.40646
-1.25926 -3.85185 0.414093
-1.18519 -3.85185 0.420267
-1.11111 -3.85185 0.425325
-1.03704 -3.85185 0.429513
-0.962963 -3.85185 0.433006
-0.888889 -3.85185 0.435939
-0.814815 -3.85185 0.43841
-0.740741 -3.85185 0.440495
-0.666667 -3.85185 0.442255
-0.592593 -3.85185 0.443736
-0.518519 -3.85185 0.444975
-0.444444 -3.85185 0.445999
-0.37037 -3.85185 0.446833
-0.296296 -3.85185 0.447493
-0.222222 -3.85185 0.447993
-0.148148 -3.85185 0.448344
-0.0740741 -3.85185 0.448552
0 -3.85185 0.448621
0.0740741 -3.85185 0.448552
0.148148 -3.85185 0.448345
0.222222 -3.85185 0.447994
0.296296 -3.85185 0.447494
0.37037 -3.85185 0.446834
0.444444 -3.85185 0.446001
0.518519 -3.85185 0.444977
0.592593 -3.85185 0.443739
0.666667 -3.85185 0.442258
0.740741 -3.85185 0.440498
0.814815 -3.85185 0.438413
0.888889 -3.85185 0.435942
0.962963 -3.85185 0.43301
1.03704 -3.85185 0.429516
1.11111 -3.85185 0.425329
1.18519 -3.85185 0.42027
1.25926 -3.85185 0.414096
1.33333 -3.85185 0.406463
1.40741 -3.85185 0.396876
1.48148 -3.85185 0.384599
1.55556 -3.85185 0.368505
1.62963 -3.85185 0.346824
1.7037 -3.85185 0.316708
1.77778 -3.85185 0.273611
1.85185 -3.85185 0.210702
1.92593 -3.85185 0.119905
2 -3.85185 0
-2 -3.77778 0
-1.92593 -3.77778 0.087604
-1.85185 -3.77778 0.162252
-1.77778 -3.77778 0.220749
-1.7037 -3.77778 0.265096
-1.62963 -3.77778 0.298537
-1.55556 -3.77778 0.323973
-1.48148 -3.77778 0.3436
-1.40741 -3.77778 0.358989
-1.33333 -3.77778 0.371242
-1.25926 -3.77778 0.381133
-1.18519 -3.77778 0.389215
-1.11111 -3.77778 0.395886
-1.03704 -3.77778 0.401437
-0.962963 -3.77778 0.406087
-0.888889 -3.77778 0.410002
-0.814815 -3.77778 0.413306
-0.740741 -3.77778 0.4161
-0.666667 -3.77778 0.41846
-0.592593 -3.77778 0.420447
-0.518519 -3.77778 0.422109
-0.444444 -3.77778 0.423485
-0.37037 -3.77778 0.424604
-0.296296 -3.77778 0.42549
-0.222222 -3.77778 0.426162
-0.148148 -3.77778 0.426633
-0.0740741 -3.77778 0.426912
0 -3.77778 0.427004
0.0740741 -3.77778 0.426912
0.148148 -3.77778 0.426634
0.222222 -3.77778 0.426163
0.296296 -3.77778 0.425492
0.37037 -3.77778 0.424606
0.444444 -3.77778 0.423487
0.518519 -3.77778 0.422112
0.592593 -3.77778 0.42045
0.666667 -3.77778 0.418463
0.740741 -3.77778 0.416103
0.814815 -3.77778 0.41331
0.888889 -3.77778 0.410005
0.962963 -3.77778 0.406091
1.03704 -3.77778 0.40144
1.11111 -3.77778 0.395889
1.18519 -3.77778 0.389218
1.25926 -3.77778 0.381136
1.33333 -3.77778 0.371245
1.40741 -3.77778 0.358992
1.48148 -3.77778 0.343603
1.55556 -3.77778 0.323976
1.62963 -3.77778 0.29854
1.7037 -3.77778 0.265097
1.77778 -3.77778 0.22075
1.85185 -3.77778 0.162253
1.92593 -3.77778 0.0876045
2 -3.77778 0
-2 -3.7037 0
-1.92593 -3.7037 0.0682603
-1.85185 -3.7037 0.129953
-1.77778 -3.7037 0.182039
-1.7037 -3.7037 0.224389
-1.62963 -3.7037 0.25826
-1.55556 -3.7037 0.285252
-1.48148 -3.7037 0.306843
-1.40741 -3.7037 0.324241
-1.33333 -3.7037 0.338384
-1.25926 -3.7037 0.349983
-1.18519 -3.7037 0.359575
-1.11111 -3.7037 0.367565
-1.03704 -3.7037 0.374263
-0.962963 -3.7037 0.379905
-0.888889 -3.7037 0.384674
-0.814815 -3.7037 0.388715
-0.740741 -3.7037 0.39214
-0.666667 -3.7037 0.395039
-0.592593 -3.7037 0.397483
-0.518519 -3.7037 0.399531
-0.444444 -3.7037 0.401227
-0.37037 -3.7037 0.402608
-0.296296 -3.7037 0.403702
-0.222222 -3.7037 0.404532
-0.148148 -3.7037 0.405114
-0.0740741 -3.7037 0.405459
0 -3.7037 0.405573
0.0740741 -3.7037 0.405459
0.148148 -3.7037 0.405115
0.222222 -3.7037 0.404533
0.296296 -3.7037 0.403704
0.37037 -3.7037 0.40261
0.444444 -3.7037 0.401229
0.518519 -3.7037 0.399533
0.592593 -3.7037 0.397486
0.666667 -3.7037 0.395042
0.740741 -3.7037 0.392143
0.814815 -3.7037 0.388718
0.888889 -3.7037 0.384677
0.962963 -3.7037 0.379908
1.03704 -3.7037 0.374266
1.11111 -3.7037 0.367569
1.18519 -3.7037 0.359578
1.25926 -3.7037 0.349987
1.33333 -3.7037 0.338387
1.40741 -3.7037 0.324244
1.48148 -3.7037 0.306846
1.55556 -3.7037 0.285255
1.62963 -3.7037 0.258262
1.7037 -3.7037 0.224391
1.77778 -3.7037 0.18204
1.85185 -3.7037 0.129954
1.92593 -3.7037 0.0682608
2 -3.7037 0
-2 -3.62963 0
-1.92593 -3.62963 0.0554838
-1.85185 -3.62963 0.107263
-1.77778 -3.62963 0.153064
-1.7037 -3.62963 0.192164
-1.62963 -3.62963 0.224861
-1.55556 -3.62963 0.251932
-1.48148 -3.62963 0.274279
-1.40741 -3.62963 0.292749
-1.33333 -3.62963 0.308071
-1.25926 -3.62963 0.320841
-1.18519 -3.62963 0.331537
-1.11111 -3.62963 0.340538
-1.03704 -3.62963 0.348145
-0.962963 -3.62963 0.354594
-0.888889 -3.62963 0.360075
-0.814815 -3.62963 0.364739
-0.740741 -3.62963 0.368705
-0.666667 -3.62963 0.372072
-0.592593 -3.62963 0.374917
-0.518519 -3.62963 0.377304
-0.444444 -3.62963 0.379285
-0.37037 -3.62963 0.380899
-0.296296 -3.62963 0.382179
-0.222222 -3.62963 0.383151
-0.148148 -3.62963 0.383832
-0.0740741 -3.62963 0.384236
0 -3.62963 0.38437
0.0740741 -3.62963 0.384236
0.148148 -3.62963 0.383833
0.222222 -3.62963 0.383152
0.296296 -3.62963 0.382181
0.37037 -3.62963 0.380901
0.444444 -3.62963 0.379287
0.518519 -3.62963 0.377307
0.592593 -3.62963 0.37492
0.666667 -3.62963 0.372074
0.740741 -3.62963 0.368708
0.814815 -3.62963 0.364742
0.888889 -3.62963 0.360079
0.962963 -3.62963 0.354597
1.03704 -3.62963 0.348148
1.11111 -3.62963 0.340541
1.18519 -3.62963 0.33154
1.25926 -3.62963 0.320844
1.33333 -3.62963 0.308074
1.40741 -3.62963 0.292752
1.48148 -3.62963 0.274282
1.55556 -3.62963 0.251935
1.62963 -3.62963 0.224863
1.7037 -3.62963 0.192165
1.77778 -3.62963 0.153065
1.85185 -3.62963 0.107264
1.92593 -3.62963 0.0554843
2 -3.62963 0
-2 -3.55556 0
-1.92593 -3.55556 0.0464118
-1.85185 -3.55556 0.0905507
-1.77778 -3.55556 0.13079
-1.7037 -3.55556 0.16634
-1.62963 -3.55556 0.197088
-1.55556 -3.55556 0.223337
-1.48148 -3.55556 0.245592
-1.40741 -3.55556 0.264406
-1.33333 -3.55556 0.28031
-1.25926 -3.55556 0.293772
-1.18519 -3.55556 0.305193
-1.11111 -3.55556 0.314905
-1.03704 -3.55556 0.323184
-0.962963 -3.55556 0.330253
-0.888889 -3.55556 0.336295
-0.814815 -3.55556 0.34146
-0.740741 -3.55556 0.345871
-0.666667 -3.55556 0.349626
-0.592593 -3.55556 0.352809
-0.518519 -3.55556 0.355485
-0.444444 -3.55556 0.357709
-0.37037 -3.55556 0.359524
-0.296296 -3.55556 0.360965
-0.222222 -3.55556 0.36206
-0.148148 -3.55556 0.362828
-0.0740741 -3.55556 0.363284
0 -3.55556 0.363435
0.0740741 -3.55556 0.363284
0.148148 -3.55556 0.362829
0.222222 -3.55556 0.362061
0.296296 -3.55556 0.360967
0.37037 -3.55556 0.359526
0.444444 -3.55556 0.357711
0.518519 -3.55556 0.355487
0.592593 -3.55556 0.352811
0.666667 -3.55556 0.349629
0.740741 -3.55556 0.345873
0.814815 -3.55556 0.341463
0.888889 -3.55556 0.336298
0.962963 -3.55556 0.330256
1.03704 -3.55556 0.323187
1.11111 -3.55556 0.314909
1.18519 -3.55556 0.305196
1.25926 -3.55556 0.293775
1.33333 -3.55556 0.280313
1.40741 -3.55556 0.264409
1.48148 -3.55556 0.245594
1.55556 -3.55556 0.22334
1.62963 -3.55556 0.19709
1.7037 -3.55556 0.166342
1.77778 -3.55556 0.130792
1.85185 -3.55556 0.0905517
1.92593 -3.55556 0.0464124
2 -3.55556 0
-2 -3.48148 0
-1.92593 -3.48148 0.039613
-1.85185 -3.48148 0.0777376
-1.77778 -3.48148 0.113207
-1.7037 -3.48148 0.14532
-1.62963 -3.48148 0.173812
-1.55556 -3.48148 0.198737
-1.48148 -3.48148 0.220345
-1.40741 -3.48148 0.238974
-1.33333 -3.48148 0.25499
-1.25926 -3.48148 0.268745
-1.18519 -3.48148 0.280558
-1.11111 -3.48148 0.290707
-1.03704 -3.48148 0.299433
-0.962963 -3.48148 0.306938
-0.888889 -3.48148 0.313391
-0.814815 -3.48148 0.318936
-0.740741 -3.48148 0.323691
-0.666667 -3.48148 0.327754
-0.592593 -3.48148 0.331208
-0.518519 -3.48148 0.334118
-0.444444 -3.48148 0.336542
-0.37037 -3.48148 0.338523
-0.296296 -3.48148 0.340099
-0.222222 -3.48148 0.341296
-0.148148 -3.48148 0.342137
-0.0740741 -3.48148 0.342636
0 -3.48148 0.342801
0.0740741 -3.48148 0.342636
0.148148 -3.48148 0.342138
0.222222 -3.48148 0.341297
0.296296 -3.48148 0.3401
0.37037 -3.48148 0.338525
0.444444 -3.48148 0.336544
0.518519 -3.48148 0.33412
0.592593 -3.48148 0.33121
0.666667 -3.48148 0.327757
0.740741 -3.48148 0.323694
0.814815 -3.48148 0.318939
0.888889 -3.48148 0.313394
0.962963 -3.48148 0.306941
1.03704 -3.48148 0.299436
1.11111 -3.48148 0.29071
1.18519 -3.48148 0.280561
1.25926 -3.48148 0.268748
1.33333 -3.48148 0.254993
1.40741 -3.48148 0.238977
1.48148 -3.48148 0.220347
1.55556 -3.48148 0.19874
1.62963 -3.48148 0.173814
1.7037 -3.48148 0.145322
1.77778 -3.48148 0.113208
1.85185 -3.48148 0.0777385
1.92593 -3.48148 0.0396135
2 -3.48148 0
-2 -3.40741 0
-1.92593 -3.40741 0.0343025
-1.85185 -3.40741 0.0675798
-1.77778 -3.40741 0.0989797
-1.7037 -3.40741 0.127921
-1.62963 -3.40741 0.154103
-1.55556 -3.40741 0.177456
-1.48148 -3.40741 0.198076
-1.40741 -3.40741 0.216155
-1.33333 -3.40741 0.231932
-1.25926 -3.40741 0.245661
-1.18519 -3.40741 0.257586
-1.11111 -3.40741 0.267933
-1.03704 -3.40741 0.276903
-0.962963 -3.40741 0.284674
-0.888889 -3.40741 0.291397
-0.814815 -3.40741 0.297203
-0.740741 -3.40741 0.302204
-0.666667 -3.40741 0.306493
-0.592593 -3.40741 0.310149
-0.518519 -3.40741 0.313239
-0.444444 -3.40741 0.315817
-0.37037 -3.40741 0.317929
-0.296296 -3.40741 0.31961
-0.222222 -3.40741 0.320889
-0.148148 -3.40741 0.321788
-0.0740741 -3.40741 0.322322
0 -3.40741 0.322499
0.0740741 -3.40741 0.322322
0.148148 -3.40741 0.321789
0.222222 -3.40741 0.32089
0.296296 -3.40741 0.319611
0.37037 -3.40741 0.31793
0.444444 -3.40741 0.315819
0.518519 -3.40741 0.313241
0.592593 -3.40741 0.310151
0.666667 -3.40741 0.306495
0.740741 -3.40741 0.302206
0.814815 -3.40741 0.297206
0.888889 -3.40741 0.2914
0.962963 -3.40741 0.284677
1.03704 -3.40741 0.276906
1.11111 -3.40741 0.267936
1.18519 -3.40741 0.257589
1.25926 -3.40741 0.245664
1.33333 -3.40741 0.231935
1.40741 -3.40741 0.216157
1.48148 -3.40741 0.198078
1.55556 -3.40741 0.177458
1.62963 -3.40741 0.154105
1.7037 -3.40741 0.127923
1.77778 -3.40741 0.0989811
1.85185 -3.40741 0.0675807
1.92593 -3.40741 0.0343029
2 -3.40741 0
-2 -3.33333 0
-1.92593 -3.33333 0.0300171
-1.85185 -3.33333 0.0592994
-1.77778 -3.33333 0.0872113
-1.7037 -3.33333 0.113282
-1.62963 -3.33333 0.137221
-1.55556 -3.33333 0.158908
-1.48148 -3.33333 0.178348
-1.40741 -3.33333 0.195637
-1.33333 -3.33333 0.210923
-1.25926 -3.33333 0.224381
-1.18519 -3.33333 0.236193
-1.11111 -3.33333 0.246536
-1.03704 -3.33333 0.255574
-0.962963 -3.33333 0.263458
-0.888889 -3.33333 0.270319
-0.814815 -3.33333 0.276276
-0.740741 -3.33333 0.281428
-0.666667 -3.33333 0.285864
-0.592593 -3.33333 0.289657
-0.518519 -3.33333 0.292871
-0.444444 -3.33333 0.295559
-0.37037 -3.33333 0.297765
-0.296296 -3.33333 0.299523
-0.222222 -3.33333 0.300863
-0.148148 -3.33333 0.301805
-0.0740741 -3.33333 0.302364
0 -3.33333 0.30255
0.0740741 -3.33333 0.302365
0.148148 -3.33333 0.301806
0.222222 -3.33333 0.300864
0.296296 -3.33333 0.299524
0.37037 -3.33333 0.297766
0.444444 -3.33333 0.295561
0.518519 -3.33333 0.292873
0.592593 -3.33333 0.289659
0.666667 -3.33333 0.285866
0.740741 -3.33333 0.281431
0.814815 -3.33333 0.276278
0.888889 -3.33333 0.270322
0.962963 -3.33333 0.26346
1.03704 -3.33333 0.255577
1.11111 -3.33333 0.246539
1.18519 -3.33333 0.236196
1.25926 -3.33333 0.224384
1.33333 -3.33333 0.210926
1.40741 -3.33333 0.195639
1.48148 -3.33333 0.178351
1.55556 -3.33333 0.15891
1.62963 -3.33333 0.137223
1.7037 -3.33333 0.113283
1.77778 -3.33333 0.0872126
1.85185 -3.33333 0.0593003
1.92593 -3.33333 0.0300176
2 -3.33333 0
-2 -3.25926 0
-1.92593 -3.25926 0.0264666
-1.85185 -3.25926 0.0523894
-1.77778 -3.25926 0.0772848
-1.7037 -3.25926 0.100772
-1.62963 -3.25926 0.122594
-1.55556 -3.25926 0.142607
-1.48148 -3.25926 0.160772
-1.40741 -3.25926 0.177122
-1.33333 -3.25926 0.191741
-1.25926 -3.25926 0.204747
-1.18519 -3.25926 0.216269
-1.11111 -3.25926 0.226443
-1.03704 -3.25926 0.2354
-0.962963 -3.25926 0.243263
-0.888889 -3.25926 0.250147
-0.814815 -3.25926 0.256152
-0.740741 -3.25926 0.261369
-0.666667 -3.25926 0.265877
-0.592593 -3.25926 0.269745
-0.518519 -3.25926 0.27303
-0.444444 -3.25926 0.275784
-0.37037 -3.25926 0.278048
-0.296296 -3.25926 0.279856
-0.222222 -3.25926 0.281234
-0.148148 -3.25926 0.282205
-0.0740741 -3.25926 0.282781
0 -3.25926 0.282973
0.0740741 -3.25926 0.282782
0.148148 -3.25926 0.282205
0.222222 -3.25926 0.281235
0.296296 -3.25926 0.279857
0.37037 -3.25926 0.278049
0.444444 -3.25926 0.275786
0.518519 -3.25926 0.273032
0.592593 -3.25926 0.269747
0.666667 -3.25926 0.26588
0.740741 -3.25926 0.261372
0.814815 -3.25926 0.256155
0.888889 -3.25926 0.25015
0.962963 -3.25926 0.243266
1.03704 -3.25926 0.235403
1.11111 -3.25926 0.226446
1.18519 -3.25926 0.216272
1.25926 -3.25926 0.204749
1.33333 -3.25926 0.191744
1.40741 -3.25926 0.177124
1.48148 -3.25926 0.160775
1.55556 -3.25926 0.142609
1.62963 -3.25926 0.122595
1.7037 -3.25926 0.100774
1.77778 -3.25926 0.077286
1.85185 -3.25926 0.0523903
1.92593 -3.25926 0.0264671
2 -3.25926 0
-2 -3.18519 0
-1.92593 -3.18519 0.02346
-1.85185 -3.18519 0.046507
-1.77778 -3.18519 0.0687661
-1.7037 -3.18519 0.0899298
-1.62963 -3.18519 0.109773
-1.55556 -3.18519 0.128156
-1.48148 -3.18519 0.145011
-1.40741 -3.18519 0.160337
-1.33333 -3.18519 0.174174
-1.25926 -3.18519 0.186596
-1.18519 -3.18519 0.197693
-1.11111 -3.18519 0.207567
-1.03704 -3.18519 0.216319
-0.962963 -3.18519 0.22405
-0.888889 -3.18519 0.230854
-0.814815 -3.18519 0.236817
-0.740741 -3.18519 0.24202
-0.666667 -3.18519 0.246532
-0.592593 -3.18519 0.250414
-0.518519 -3.18519 0.253721
-0.444444 -3.18519 0.2565
-0.37037 -3.18519 0.258788
-0.296296 -3.18519 0.260617
-0.222222 -3.18519 0.262014
-0.148148 -3.18519 0.262999
-0.0740741 -3.18519 0.263584
0 -3.18519 0.263778
0.0740741 -3.18519 0.263584
0.148148 -3.18519 0.262999
0.222222 -3.18519 0.262015
0.296296 -3.18519 0.260618
0.37037 -3.18519 0.258789
0.444444 -3.18519 0.256501
0.518519 -3.18519 0.253723
0.592593 -3.18519 0.250416
0.666667 -3.18519 0.246534
0.740741 -3.18519 0.242022
0.814815 -3.18519 0.23682
0.888889 -3.18519 0.230856
0.962963 -3.18519 0.224052
1.03704 -3.18519 0.216322
1.11111 -3.18519 0.207569
1.18519 -3.18519 0.197696
1.25926 -3.18519 0.186599
1.33333 -3.18519 0.174177
1.40741 -3.18519 0.16034
1.48148 -3.18519 0.145014
1.55556 -3.18519 0.128158
1.62963 -3.18519 0.109775
1.7037 -3.18519 0.0899313
1.77778 -3.18519 0.0687673
1.85185 -3.18519 0.0465078
1.92593 -3.18519 0.0234604
2 -3.18519 0
-2 -3.11111 0
-1.92593 -3.11111 0.0208664
-1.85185 -3.11111 0.0414124
-1.77778 -3.11111 0.0613428
-1.7037 -3.11111 0.0804077
-1.62963 -3.11111 0.0984141
-1.55556 -3.11111 0.11523
-1.48148 -3.11111 0.130781
-1.40741 -3.11111 0.145041
-1.33333 -3.11111 0.158023
-1.25926 -3.11111 0.16977
-1.18519 -3.11111 0.180342
-1.11111 -3.11111 0.189812
-1.03704 -3.11111 0.19826
-0.962963 -3.11111 0.205763
-0.888889 -3.11111 0.2124
-0.814815 -3.11111 0.218244
-0.740741 -3.11111 0.223362
-0.666667 -3.11111 0.227815
-0.592593 -3.11111 0.231659
-0.518519 -3.11111 0.234942
-0.444444 -3.11111 0.237706
-0.37037 -3.11111 0.239986
-0.296296 -3.11111 0.241812
-0.222222 -3.11111 0.243208
-0.148148 -3.11111 0.244192
-0.0740741 -3.11111 0.244777
0 -3.11111 0.244972
0.0740741 -3.11111 0.244778
0.148148 -3.11111 0.244192
0.222222 -3.11111 0.243208
0.296296 -3.11111 0.241813
0.37037 -3.11111 0.239987
0.444444 -3.11111 0.237707
0.518519 -3.11111 0.234944
0.592593 -3.11111 0.231661
0.666667 -3.11111 0.227817
0.740741 -3.11111 0.223364
0.814815 -3.11111 0.218246
0.888889 -3.11111 0.212403
0.962963 -3.11111 0.205766
1.03704 -3.11111 0.198262
1.11111 -3.11111 0.189815
1.18519 -3.11111 0.180344
1.25926 -3.11111 0.169772
1.33333 -3.11111 0.158026
1.40741 -3.11111 0.145043
1.48148 -3.11111 0.130783
1.55556 -3.11111 0.115232
1.62963 -3.11111 0.0984158
1.7037 -3.11111 0.0804091
1.77778 -3.11111 0.0613439
1.85185 -3.11111 0.0414132
1.92593 -3.11111 0.0208668
2 -3.11111 0
-2 -3.03704 0
-1.92593 -3.03704 0.0185931
-1.85185 -3.03704 0.0369334
-1.77778 -3.03704 0.0547852
-1.7037 -3.03704 0.0719439
-1.62963 -3.03704 0.0882455
-1.55556 -3.03704 0.10357
-1.48148 -3.03704 0.117842
-1.40741 -3.03704 0.131022
-1.33333 -3.03704 0.143108
-1.25926 -3.03704 0.154118
-1.18519 -3.03704 0.164092
-1.11111 -3.03704 0.173081
-1.03704 -3.03704 0.181144
-0.962963 -3.03704 0.188343
-0.888889 -3.03704 0.194741
-0.814815 -3.03704 0.200396
-0.740741 -3.03704 0.205368
-0.666667 -3.03704 0.209709
-0.592593 -3.03704 0.213466
-0.518519 -3.03704 0.216682
-0.444444 -3.03704 0.219395
-0.37037 -3.03704 0.221638
-0.296296 -3.03704 0.223436
-0.222222 -3.03704 0.224813
-0.148148 -3.03704 0.225784
-0.0740741 -3.03704 0.226362
0 -3.03704 0.226554
0.0740741 -3.03704 0.226362
0.148148 -3.03704 0.225784
0.222222 -3.03704 0.224813
0.296296 -3.03704 0.223437
0.37037 -3.03704 0.221639
0.444444 -3.03704 0.219397
0.518519 -3.03704 0.216684
0.592593 -3.03704 0.213467
0.666667 -3.03704 0.20971
0.740741 -3.03704 0.20537
0.814815 -3.03704 0.200399
0.888889 -3.03704 0.194743
0.962963 -3.03704 0.188346
1.03704 -3.03704 0.181147
1.11111 -3.03704 0.173084
1.18519 -3.03704 0.164094
1.25926 -3.03704 0.15412
1.33333 -3.03704 0.14311
1.40741 -3.03704 0.131025
1.48148 -3.03704 0.117844
1.55556 -3.03704 0.103572
1.62963 -3.03704 0.0882471
1.7037 -3.03704 0.0719453
1.77778 -3.03704 0.0547863
1.85185 -3.03704 0.0369341
1.92593 -3.03704 0.0185935
2 -3.03704 0
-2 -2.96296 0
-1.92593 -2.96296 0.0165726
-1.85185 -2.96296 0.032943
-1.77778 -2.96296 0.0489207
-1.7037 -2.96296 0.0643374
-1.62963 -2.96296 0.0790539
-1.55556 -2.96296 0.0929636
-1.48148 -2.96296 0.105993
-1.40741 -2.96296 0.1181
-1.33333 -2.96296 0.129268
-1.25926 -2.96296 0.139502
-1.18519 -2.96296 0.148827
-1.11111 -2.96296 0.157276
-1.03704 -2.96296 0.164893
-0.962963 -2.96296 0.171725
-0.888889 -2.96296 0.177822
-0.814815 -2.96296 0.183233
-0.740741 -2.96296 0.188006
-0.666667 -2.96296 0.192185
-0.592593 -2.96296 0.195813
-0.518519 -2.96296 0.198925
-0.444444 -2.96296 0.201556
-0.37037 -2.96296 0.203734
-0.296296 -2.96296 0.205483
-0.222222 -2.96296 0.206823
-0.148148 -2.96296 0.20777
-0.0740741 -2.96296 0.208333
0 -2.96296 0.20852
0.0740741 -2.96296 0.208333
0.148148 -2.96296 0.20777
0.222222 -2.96296 0.206824
0.296296 -2.96296 0.205484
0.37037 -2.96296 0.203735
0.444444 -2.96296 0.201557
0.518519 -2.96296 0.198927
0.592593 -2.96296 0.195814
0.666667 -2.96296 0.192187
0.740741 -2.96296 0.188008
0.814815 -2.96296 0.183235
0.888889 -2.96296 0.177825
0.962963 -2.96296 0.171728
1.03704 -2.96296 0.164895
1.11111 -2.96296 0.157279
1.18519 -2.96296 0.148829
1.25926 -2.96296 0.139505
1.33333 -2.96296 0.12927
1.40741 -2.96296 0.118102
1.48148 -2.96296 0.105995
1.55556 -2.96296 0.0929653
1.62963 -2.96296 0.0790554
1.7037 -2.96296 0.0643387
1.77778 -2.96296 0.0489217
1.85185 -2.96296 0.0329437
1.92593 -2.96296 0.016573
2 -2.96296 0
-2 -2.88889 0
-1.92593 -2.88889 0.0147545
-1.85185 -2.88889 0.0293453
-1.77778 -2.88889 0.0436173
-1.7037 -2.88889 0.0574312
-1.62963 -2.88889 0.070669
-1.55556 -2.88889 0.0832372
-1.48148 -2.88889 0.0950675
-1.40741 -2.88889 0.106116
-1.33333 -2.88889 0.11636
-1.25926 -2.88889 0.125797
-1.18519 -2.88889 0.134437
-1.11111 -2.88889 0.142304
-1.03704 -2.88889 0.149427
-0.962963 -2.88889 0.155843
-0.888889 -2.88889 0.16159
-0.814815 -2.88889 0.166709
-0.740741 -2.88889 0.171238
-0.666667 -2.88889 0.175215
-0.592593 -2.88889 0.178675
-0.518519 -2.88889 0.18165
-0.444444 -2.88889 0.18417
-0.37037 -2.88889 0.186259
-0.296296 -2.88889 0.187939
-0.222222 -2.88889 0.189228
-0.148148 -2.88889 0.190138
-0.0740741 -2.88889 0.190681
0 -2.88889 0.190861
0.0740741 -2.88889 0.190681
0.148148 -2.88889 0.190139
0.222222 -2.88889 0.189228
0.296296 -2.88889 0.18794
0.37037 -2.88889 0.18626
0.444444 -2.88889 0.184171
0.518519 -2.88889 0.181652
0.592593 -2.88889 0.178676
0.666667 -2.88889 0.175216
0.740741 -2.88889 0.171239
0.814815 -2.88889 0.166711
0.888889 -2.88889 0.161592
0.962963 -2.88889 0.155845
1.03704 -2.88889 0.149429
1.11111 -2.88889 0.142306
1.18519 -2.88889 0.13444
1.25926 -2.88889 0.125799
1.33333 -2.88889 0.116362
1.40741 -2.88889 0.106118
1.48148 -2.88889 0.0950692
1.55556 -2.88889 0.0832388
1.62963 -2.88889 0.0706704
1.7037 -2.88889 0.0574324
1.77778 -2.88889 0.0436182
1.85185 -2.88889 0.0293459
1.92593 -2.88889 0.0147548
2 -2.88889 0
-2 -2.81481 0
-1.92593 -2.81481 0.0130999
-1.85185 -2.81481 0.0260664
-1.77778 -2.81481 0.0387721
-1.7037 -2.81481 0.0511012
-1.62963 -2.81481 0.0629539
-1.55556 -2.81481 0.0742488
-1.48148 -2.81481 0.0849238
-1.40741 -2.81481 0.0949363
-1.33333 -2.81481 0.104261
-1.25926 -2.81481 0.112888
-1.18519 -2.81481 0.120822
-1.11111 -2.81481 0.128075
-1.03704 -2.81481 0.134668
-0.962963 -2.81481 0.140629
-0.888889 -2.81481 0.145987
-0.814815 -2.81481 0.150774
-0.740741 -2.81481 0.155021
-0.666667 -2.81481 0.158761
-0.592593 -2.81481 0.162021
-0.518519 -2.81481 0.164831
-0.444444 -2.81481 0.167215
-0.37037 -2.81481 0.169194
-0.296296 -2.81481 0.170787
-0.222222 -2.81481 0.17201
-0.148148 -2.81481 0.172875
-0.0740741 -2.81481 0.173391
0 -2.81481 0.173562
0.0740741 -2.81481 0.173391
0.148148 -2.81481 0.172876
0.222222 -2.81481 0.172011
0.296296 -2.81481 0.170788
0.37037 -2.81481 0.169195
0.444444 -2.81481 0.167216
0.518519 -2.81481 0.164832
0.592593 -2.81481 0.162023
0.666667 -2.81481 0.158762
0.740741 -2.81481 0.155023
0.814815 -2.81481 0.150776
0.888889 -2.81481 0.145989
0.962963 -2.81481 0.140631
1.03704 -2.81481 0.13467
1.11111 -2.81481 0.128077
1.18519 -2.81481 0.120824
1.25926 -2.81481 0.11289
1.33333 -2.81481 0.104263
1.40741 -2.81481 0.094938
1.48148 -2.81481 0.0849254
1.55556 -2.81481 0.0742502
1.62963 -2.81481 0.0629552
1.7037 -2.81481 0.0511023
1.77778 -2.81481 0.0387729
1.85185 -2.81481 0.026067
1.92593 -2.81481 0.0131003
2 -2.81481 0
-2 -2.74074 0
-1.92593 -2.74074 0.0115789
-1.85185 -2.74074 0.0230484
-1.77778 -2.74074 0.0343034
-1.7037 -2.74074 0.0452476
-1.62963 -2.74074 0.0557967
-1.55556 -2.74074 0.0658802
-1.48148 -2.74074 0.0754428
-1.40741 -2.74074 0.0844444
-1.33333 -2.74074 0.0928592
-1.25926 -2.74074 0.100674
-1.18519 -2.74074 0.107887
-1.11111 -2.74074 0.114505
-1.03704 -2.74074 0.120542
-0.962963 -2.74074 0.126018
-0.888889 -2.74074 0.130955
-0.814815 -2.74074 0.135378
-0.740741 -2.74074 0.139313
-0.666667 -2.74074 0.142785
-0.592593 -2.74074 0.145819
-0.518519 -2.74074 0.148439
-0.444444 -2.74074 0.150664
-0.37037 -2.74074 0.152514
-0.296296 -2.74074 0.154005
-0.222222 -2.74074 0.155151
-0.148148 -2.74074 0.155962
-0.0740741 -2.74074 0.156445
0 -2.74074 0.156606
0.0740741 -2.74074 0.156445
0.148148 -2.74074 0.155962
0.222222 -2.74074 0.155151
0.296296 -2.74074 0.154006
0.37037 -2.74074 0.152515
0.444444 -2.74074 0.150665
0.518519 -2.74074 0.14844
0.592593 -2.74074 0.145821
0.666667 -2.74074 0.142787
0.740741 -2.74074 0.139315
0.814815 -2.74074 0.13538
0.888889 -2.74074 0.130957
0.962963 -2.74074 0.12602
1.03704 -2.74074 0.120544
1.11111 -2.74074 0.114507
1.18519 -2.74074 0.107889
1.25926 -2.74074 0.100676
1.33333 -2.74074 0.0928608
1.40741 -2.74074 0.084446
1.48148 -2.74074 0.0754443
1.55556 -2.74074 0.0658815
1.62963 -2.74074 0.0557979
1.7037 -2.74074 0.0452486
1.77778 -2.74074 0.0343042
1.85185 -2.74074 0.0230489
1.92593 -2.74074 0.0115792
2 -2.74074 0
-2 -2.66667 0
-1.92593 -2.66667 0.0101674
-1.85185 -2.66667 0.0202448
-1.77778 -2.66667 0.0301455
-1.7037 -2.66667 0.0397893
-1.62963 -2.66667 0.0491051
-1.55556 -2.66667 0.0580325
-1.48148 -2.66667 0.0665228
-1.40741 -2.66667 0.0745395
-1.33333 -2.66667 0.0820572
-1.25926 -2.66667 0.0890615
-1.18519 -2.66667 0.0955471
-1.11111 -2.66667 0.101516
-1.03704 -2.66667 0.106978
-0.962963 -2.66667 0.111946
-0.888889 -2.66667 0.116438
-0.814815 -2.66667 0.120471
-0.740741 -2.66667 0.124068
-0.666667 -2.66667 0.127248
-0.592593 -2.66667 0.130033
-0.518519 -2.66667 0.13244
-0.444444 -2.66667 0.134488
-0.37037 -2.66667 0.136193
-0.296296 -2.66667 0.137569
-0.222222 -2.66667 0.138627
-0.148148 -2.66667 0.139376
-0.0740741 -2.66667 0.139822
0 -2.66667 0.139971
0.0740741 -2.66667 0.139823
0.148148 -2.66667 0.139376
0.222222 -2.66667 0.138627
0.296296 -2.66667 0.13757
0.37037 -2.66667 0.136194
0.444444 -2.66667 0.134489
0.518519 -2.66667 0.132441
0.592593 -2.66667 0.130034
0.666667 -2.66667 0.12725
0.740741 -2.66667 0.124069
0.814815 -2.66667 0.120473
0.888889 -2.66667 0.116439
0.962963 -2.66667 0.111948
1.03704 -2.66667 0.10698
1.11111 -2.66667 0.101518
1.18519 -2.66667 0.0955487
1.25926 -2.66667 0.0890631
1.33333 -2.66667 0.0820588
1.40741 -2.66667 0.0745409
1.48148 -2.66667 0.0665242
1.55556 -2.66667 0.0580337
1.62963 -2.66667 0.0491062
1.7037 -2.66667 0.0397902
1.77778 -2.66667 0.0301462
1.85185 -2.66667 0.0202453
1.92593 -2.66667 0.0101677
2 -2.66667 0
-2 -2.59259 0
-1.92593 -2.59259 0.00884599
-1.85185 -2.59259 0.017618
-1.77778 -2.59259 0.0262445
-1.7037 -2.59259 0.0346591
-1.62963 -2.59259 0.042802
-1.55556 -2.59259 0.050622
-1.48148 -2.59259 0.0580767
-1.40741 -2.59259 0.0651335
-1.33333 -2.59259 0.0717688
-1.25926 -2.59259 0.0779679
-1.18519 -2.59259 0.0837235
-1.11111 -2.59259 0.0890352
-1.03704 -2.59259 0.093908
-0.962963 -2.59259 0.0983512
-0.888889 -2.59259 0.102378
-0.814815 -2.59259 0.106002
-0.740741 -2.59259 0.109239
-0.666667 -2.59259 0.112108
-0.592593 -2.59259 0.114623
-0.518519 -2.59259 0.116801
-0.444444 -2.59259 0.118656
-0.37037 -2.59259 0.120202
-0.296296 -2.59259 0.121451
-0.222222 -2.59259 0.122411
-0.148148 -2.59259 0.123092
-0.0740741 -2.59259 0.123498
0 -2.59259 0.123633
0.0740741 -2.59259 0.123498
0.148148 -2.59259 0.123092
0.222222 -2.59259 0.122412
0.296296 -2.59259 0.121451
0.37037 -2.59259 0.120203
0.444444 -2.59259 0.118657
0.518519 -2.59259 0.116802
0.592593 -2.59259 0.114624
0.666667 -2.59259 0.112109
0.740741 -2.59259 0.109241
0.814815 -2.59259 0.106003
0.888889 -2.59259 0.102379
0.962963 -2.59259 0.0983527
1.03704 -2.59259 0.0939095
1.11111 -2.59259 0.0890367
1.18519 -2.59259 0.0837249
1.25926 -2.59259 0.0779693
1.33333 -2.59259 0.0717702
1.40741 -2.59259 0.0651348
1.48148 -2.59259 0.0580779
1.55556 -2.59259 0.050623
1.62963 -2.59259 0.042803
1.7037 -2.59259 0.0346599
1.77778 -2.59259 0.0262452
1.85185 -2.59259 0.0176184
1.92593 -2.59259 0.00884622
2 -2.59259 0
-2 -2.51852 0
-1.92593 -2.51852 0.00759857
-1.85185 -2.51852 0.0151366
-1.77778 -2.51852 0.0225556
-1.7037 -2.51852 0.0298005
-1.62963 -2.51852 0.036822
-1.55556 -2.51852 0.0435766
-1.48148 -2.51852 0.0500285
-1.40741 -2.51852 0.056149
-1.33333 -2.51852 0.0619168
-1.25926 -2.51852 0.0673177
-1.18519 -2.51852 0.0723439
-1.11111 -2.51852 0.076993
-1.03704 -2.51852 0.0812674
-0.962963 -2.51852 0.0851733
-0.888889 -2.51852 0.0887197
-0.814815 -2.51852 0.0919179
-0.740741 -2.51852 0.0947803
-0.666667 -2.51852 0.09732
-0.592593 -2.51852 0.0995502
-0.518519 -2.51852 0.101484
-0.444444 -2.51852 0.103133
-0.37037 -2.51852 0.104509
-0.296296 -2.51852 0.10562
-0.222222 -2.51852 0.106476
-0.148148 -2.51852 0.107083
-0.0740741 -2.51852 0.107445
0 -2.51852 0.107566
0.0740741 -2.51852 0.107445
0.148148 -2.51852 0.107083
0.222222 -2.51852 0.106477
0.296296 -2.51852 0.105621
0.37037 -2.51852 0.104509
0.444444 -2.51852 0.103134
0.518519 -2.51852 0.101485
0.592593 -2.51852 0.0995512
0.666667 -2.51852 0.097321
0.740741 -2.51852 0.0947814
0.814815 -2.51852 0.0919191
0.888889 -2.51852 0.088721
0.962963 -2.51852 0.0851745
1.03704 -2.51852 0.0812687
1.11111 -2.51852 0.0769943
1.18519 -2.51852 0.0723452
1.25926 -2.51852 0.067319
1.33333 -2.51852 0.061918
1.40741 -2.51852 0.0561501
1.48148 -2.51852 0.0500296
1.55556 -2.51852 0.0435776
1.62963 -2.51852 0.0368228
1.7037 -2.51852 0.0298012
1.77778 -2.51852 0.0225561
1.85185 -2.51852 0.015137
1.92593 -2.51852 0.00759877
2 -2.51852 0
-2 -2.44444 0
-1.92593 -2.44444 0.00641169
-1.85185 -2.44444 0.0127744
-1.77778 -2.44444 0.0190406
-1.7037 -2.44444 0.0251656
-1.62963 -2.44444 0.0311087
-1.55556 -2.44444 0.0368342
-1.48148 -2.44444 0.0423118
-1.40741 -2.44444 0.0475172
-1.33333 -2.44444 0.0524317
-1.25926 -2.44444 0.0570424
-1.18519 -2.44444 0.0613414
-1.11111 -2.44444 0.0653255
-1.03704 -2.44444 0.0689953
-0.962963 -2.44444 0.0723548
-0.888889 -2.44444 0.0754104
-0.814815 -2.44444 0.0781703
-0.740741 -2.44444 0.080644
-0.666667 -2.44444 0.0828419
-0.592593 -2.44444 0.0847744
-0.518519 -2.44444 0.0864517
-0.444444 -2.44444 0.0878836
-0.37037 -2.44444 0.089079
-0.296296 -2.44444 0.0900457
-0.222222 -2.44444 0.0907905
-0.148148 -2.44444 0.0913187
-0.0740741 -2.44444 0.091634
0 -2.44444 0.0917389
0.0740741 -2.44444 0.0916341
0.148148 -2.44444 0.0913189
0.222222 -2.44444 0.0907909
0.296296 -2.44444 0.0900462
0.37037 -2.44444 0.0890796
0.444444 -2.44444 0.0878843
0.518519 -2.44444 0.0864525
0.592593 -2.44444 0.0847752
0.666667 -2.44444 0.0828428
0.740741 -2.44444 0.080645
0.814815 -2.44444 0.0781713
0.888889 -2.44444 0.0754114
0.962963 -2.44444 0.0723559
1.03704 -2.44444 0.0689964
1.11111 -2.44444 0.0653266
1.18519 -2.44444 0.0613425
1.25926 -2.44444 0.0570435
1.33333 -2.44444 0.0524327
1.40741 -2.44444 0.0475182
1.48148 -2.44444 0.0423127
1.55556 -2.44444 0.036835
1.62963 -2.44444 0.0311094
1.7037 -2.44444 0.0251662
1.77778 -2.44444 0.0190411
1.85185 -2.44444 0.0127747
1.92593 -2.44444 0.00641186
2 -2.44444 0
-2 -2.37037 0
-1.92593 -2.37037 0.0052738
-1.85185 -2.37037 0.0105087
-1.77778 -2.37037 0.0156668
-1.7037 -2.37037 0.0207125
-1.62963 -2.37037 0.0256131
-1.55556 -2.37037 0.0303396
-1.48148 -2.37037 0.0348674
-1.40741 -2.37037 0.0391763
-1.33333 -2.37037 0.0432505
-1.25926 -2.37037 0.0470788
-1.18519 -2.37037 0.0506539
-1.11111 -2.37037 0.0539723
-1.03704 -2.37037 0.0570337
-0.962963 -2.37037 0.0598403
-0.888889 -2.37037 0.0623967
-0.814815 -2.37037 0.0647088
-0.740741 -2.37037 0.0667837
-0.666667 -2.37037 0.0686294
-0.592593 -2.37037 0.0702539
-0.518519 -2.37037 0.0716651
-0.444444 -2.37037 0.0728709
-0.37037 -2.37037 0.0738782
-0.296296 -2.37037 0.0746933
-0.222222 -2.37037 0.0753215
-0.148148 -2.37037 0.0757672
-0.0740741 -2.37037 0.0760333
0 -2.37037 0.0761219
0.0740741 -2.37037 0.0760334
0.148148 -2.37037 0.0757674
0.222222 -2.37037 0.0753218
0.296296 -2.37037 0.0746937
0.37037 -2.37037 0.0738786
0.444444 -2.37037 0.0728714
0.518519 -2.37037 0.0716658
0.592593 -2.37037 0.0702546
0.666667 -2.37037 0.0686302
0.740741 -2.37037 0.0667845
0.814815 -2.37037 0.0647096
0.888889 -2.37037 0.0623976
0.962963 -2.37037 0.0598412
1.03704 -2.37037 0.0570346
1.11111 -2.37037 0.0539732
1.18519 -2.37037 0.0506548
1.25926 -2.37037 0.0470797
1.33333 -2.37037 0.0432514
1.40741 -2.37037 0.0391771
1.48148 -2.37037 0.0348682
1.55556 -2.37037 0.0303403
1.62963 -2.37037 0.0256137
1.7037 -2.37037 0.020713
1.77778 -2.37037 0.0156672
1.85185 -2.37037 0.010509
1.92593 -2.37037 0.00527395
2 -2.37037 0
-2 -2.2963 0
-1.92593 -2.2963 0.00417485
-1.85185 -2.2963 0.00831974
-1.77778 -2.2963 0.0124055
-1.7037 -2.2963 0.0164045
-1.62963 -2.2963 0.0202915
-1.55556 -2.2963 0.0240438
-1.48148 -2.2963 0.027642
-1.40741 -2.2963 0.0310701
-1.33333 -2.2963 0.0343153
-1.25926 -2.2963 0.0373684
-1.18519 -2.2963 0.0402231
-1.11111 -2.2963 0.0428762
-1.03704 -2.2963 0.0453268
-0.962963 -2.2963 0.0475762
-0.888889 -2.2963 0.0496273
-0.814815 -2.2963 0.0514845
-0.740741 -2.2963 0.0531528
-0.666667 -2.2963 0.0546381
-0.592593 -2.2963 0.0559466
-0.518519 -2.2963 0.0570841
-0.444444 -2.2963 0.0580567
-0.37037 -2.2963 0.0588696
-0.296296 -2.2963 0.0595277
-0.222222 -2.2963 0.0600352
-0.148148 -2.2963 0.0603953
-0.0740741 -2.2963 0.0606103
0 -2.2963 0.0606819
0.0740741 -2.2963 0.0606104
0.148148 -2.2963 0.0603954
0.222222 -2.2963 0.0600354
0.296296 -2.2963 0.059528
0.37037 -2.2963 0.05887
0.444444 -2.2963 0.0580571
0.518519 -2.2963 0.0570846
0.592593 -2.2963 0.0559471
0.666667 -2.2963 0.0546387
0.740741 -2.2963 0.0531534
0.814815 -2.2963 0.0514851
0.888889 -2.2963 0.049628
0.962963 -2.2963 0.047577
1.03704 -2.2963 0.0453276
1.11111 -2.2963 0.042877
1.18519 -2.2963 0.0402239
1.25926 -2.2963 0.0373691
1.33333 -2.2963 0.034316
1.40741 -2.2963 0.0310707
1.48148 -2.2963 0.0276426
1.55556 -2.2963 0.0240444
1.62963 -2.2963 0.020292
1.7037 -2.2963 0.0164049
1.77778 -2.2963 0.0124058
1.85185 -2.2963 0.00831997
1.92593 -2.2963 0.00417497
2 -2.2963 0
-2 -2.22222 0
-1.92593 -2.22222 0.00310588
-1.85185 -2.22222 0.00618994
-1.77778 -2.22222 0.00923092
-1.7037 -2.22222 0.0122087
-1.62963 -2.22222 0.0151046
-1.55556 -2.22222 0.0179021
-1.48148 -2.22222 0.0205868
-1.40741 -2.22222 0.0231467
-1.33333 -2.22222 0.0255723
-1.25926 -2.22222 0.0278563
-1.18519 -2.22222 0.0299941
-1.11111 -2.22222 0.0319827
-1.03704 -2.22222 0.0338213
-0.962963 -2.22222 0.0355104
-0.888889 -2.22222 0.037052
-0.814815 -2.22222 0.038449
-0.740741 -2.22222 0.0397049
-0.666667 -2.22222 0.0408238
-0.592593 -2.22222 0.0418102
-0.518519 -2.22222 0.0426682
-0.444444 -2.22222 0.0434021
-0.37037 -2.22222 0.0440158
-0.296296 -2.22222 0.0445129
-0.222222 -2.22222 0.0448963
-0.148148 -2.22222 0.0451684
-0.0740741 -2.22222 0.0453309
0 -2.22222 0.045385
0.0740741 -2.22222 0.045331
0.148148 -2.22222 0.0451685
0.222222 -2.22222 0.0448964
0.296296 -2.22222 0.0445131
0.37037 -2.22222 0.0440161
0.444444 -2.22222 0.0434024
0.518519 -2.22222 0.0426686
0.592593 -2.22222 0.0418106
0.666667 -2.22222 0.0408243
0.740741 -2.22222 0.0397054
0.814815 -2.22222 0.0384495
0.888889 -2.22222 0.0370525
0.962963 -2.22222 0.035511
1.03704 -2.22222 0.0338218
1.11111 -2.22222 0.0319833
1.18519 -2.22222 0.0299946
1.25926 -2.22222 0.0278569
1.33333 -2.22222 0.0255728
1.40741 -2.22222 0.0231472
1.48148 -2.22222 0.0205873
1.55556 -2.22222 0.0179025
1.62963 -2.22222 0.015105
1.7037 -2.22222 0.012209
1.77778 -2.22222 0.00923116
1.85185 -2.22222 0.00619011
1.92593 -2.22222 0.00310597
2 -2.22222 0
-2 -2.14815 0
-1.92593 -2.14815 0.00205874
-1.85185 -2.14815 0.00410324
-1.77778 -2.14815 0.00611959
-1.7037 -2.14815 0.00809463
-1.62963 -2.14815 0.0100162
-1.55556 -2.14815 0.0118733
-1.48148 -2.14815 0.0136564
-1.40741 -2.14815 0.0153577
-1.33333 -2.14815 0.0169707
-1.25926 -2.14815 0.0184906
-1.18519 -2.14815 0.0199141
-1.11111 -2.14815 0.0212392
-1.03704 -2.14815 0.0224651
-0.962963 -2.14815 0.0235922
-0.888889 -2.14815 0.0246214
-0.814815 -2.14815 0.0255545
-0.740741 -2.14815 0.026394
-0.666667 -2.14815 0.0271422
-0.592593 -2.14815 0.0278021
-0.518519 -2.14815 0.0283764
-0.444444 -2.14815 0.0288678
-0.37037 -2.14815 0.0292788
-0.296296 -2.14815 0.0296118
-0.222222 -2.14815 0.0298687
-0.148148 -2.14815 0.030051
-0.0740741 -2.14815 0.03016
0 -2.14815 0.0301962
0.0740741 -2.14815 0.03016
0.148148 -2.14815 0.0300511
0.222222 -2.14815 0.0298688
0.296296 -2.14815 0.029612
0.37037 -2.14815 0.029279
0.444444 -2.14815 0.028868
0.518519 -2.14815 0.0283766
0.592593 -2.14815 0.0278024
0.666667 -2.14815 0.0271425
0.740741 -2.14815 0.0263943
0.814815 -2.14815 0.0255549
0.888889 -2.14815 0.0246217
0.962963 -2.14815 0.0235925
1.03704 -2.14815 0.0224655
1.11111 -2.14815 0.0212396
1.18519 -2.14815 0.0199145
1.25926 -2.14815 0.018491
1.33333 -2.14815 0.0169711
1.40741 -2.14815 0.015358
1.48148 -2.14815 0.0136567
1.55556 -2.14815 0.0118735
1.62963 -2.14815 0.0100164
1.7037 -2.14815 0.00809483
1.77778 -2.14815 0.00611975
1.85185 -2.14815 0.00410335
1.92593 -2.14815 0.0020588
2 -2.14815 0
-2 -2.07407 0
-1.92593 -2.07407 0.00102585
-1.85185 -2.07407 0.00204467
-1.77778 -2.07407 0.00304959
-1.7037 -2.07407 0.00403409
-1.62963 -2.07407 0.00499215
-1.55556 -2.07407 0.00591833
-1.48148 -2.07407 0.00680793
-1.40741 -2.07407 0.00765698
-1.33333 -2.07407 0.00846227
-1.25926 -2.07407 0.00922138
-1.18519 -2.07407 0.00993262
-1.11111 -2.07407 0.0105949
-1.03704 -2.07407 0.011208
-0.962963 -2.07407 0.0117717
-0.888889 -2.07407 0.0122867
-0.814815 -2.07407 0.0127539
-0.740741 -2.07407 0.0131742
-0.666667 -2.07407 0.013549
-0.592593 -2.07407 0.0138796
-0.518519 -2.07407 0.0141674
-0.444444 -2.07407 0.0144138
-0.37037 -2.07407 0.0146199
-0.296296 -2.07407 0.0147868
-0.222222 -2.07407 0.0149157
-0.148148 -2.07407 0.0150071
-0.0740741 -2.07407 0.0150618
0 -2.07407 0.0150799
0.0740741 -2.07407 0.0150618
0.148148 -2.07407 0.0150072
0.222222 -2.07407 0.0149157
0.296296 -2.07407 0.0147869
0.37037 -2.07407 0.0146199
0.444444 -2.07407 0.0144139
0.518519 -2.07407 0.0141676
0.592593 -2.07407 0.0138798
0.666667 -2.07407 0.0135492
0.740741 -2.07407 0.0131744
0.814815 -2.07407 0.012754
0.888889 -2.07407 0.0122869
0.962963 -2.07407 0.0117719
1.03704 -2.07407 0.0112081
1.11111 -2.07407 0.0105951
1.18519 -2.07407 0.0099328
1.25926 -2.07407 0.00922156
1.33333 -2.07407 0.00846244
1.40741 -2.07407 0.00765714
1.48148 -2.07407 0.00680809
1.55556 -2.07407 0.00591847
1.62963 -2.07407 0.00499227
1.7037 -2.07407 0.00403419
1.77778 -2.07407 0.00304967
1.85185 -2.07407 0.00204472
1.92593 -2.07407 0.00102588
2 -2.07407 0
-2 -2 0
-1.92593 -2 0
-1.85185 -2 0
-1.77778 -2 0
-1.7037 -2 0
-1.62963 -2 0
-1.55556 -2 0
-1.48148 -2 0
-1.40741 -2 0
-1.33333 -2 0
-1.25926 -2 0
-1.18519 -2 0
-1.11111 -2 0
-1.03704 -2 0
-0.962963 -2 0
-0.888889 -2 0
-0.814815 -2 0
-0.740741 -2 0
-0.666667 -2 0
-0.592593 -2 0
-0.518519 -2 0
-0.444444 -2 0
-0.37037 -2 0
-0.296296 -2 0
-0.222222 -2 0
-0.148148 -2 0
-0.0740741 -2 0
0 -2 0
0.0740741 -2 0
0.148148 -2 0
0.222222 -2 0
0.296296 -2 0
0.37037 -2 0
0.444444 -2 0
0.518519 -2 0
0.592593 -2 0
0.666667 -2 0
0.740741 -2 0
0.814815 -2 0
0.888889 -2 0
0.962963 -2 0
1.03704 -2 0
1.11111 -2 0
1.18519 -2 0
1.25926 -2 0
1.33333 -2 0
1.40741 -2 0
1.48148 -2 0
1.55556 -2 0
1.62963 -2 0
1.7037 -2 0
1.77778 -2 0
1.85185 -2 0
1.92593 -2 0
2 -2 0
