3025
0 0 1
0.0833333 0 0.129021
0.166667 0 0.084686
0.25 0 0.0723868
0.333333 0 0.0663548
0.416667 0 0.0626642
0.5 0 0.0601538
0.583333 0 0.058351
0.666667 0 0.0570255
0.75 0 0.0560518
0.833333 0 0.0553565
0.916667 0 0.0548949
1 0 0.0546393
1.08333 0 0.0545731
1.16667 0 0.0546869
1.25 0 0.0549768
1.33333 0 0.055443
1.41667 0 0.0560889
1.5 0 0.0569208
1.58333 0 0.0579476
1.66667 0 0.0591808
1.75 0 0.0606341
1.83333 0 0.0623241
1.91667 0 0.0642699
2 0 0.066494
2.08333 0 0.069022
2.16667 0 0.0718835
2.25 0 0.0751124
2.33333 0 0.0787481
2.41667 0 0.0828354
2.5 0 0.0874268
2.58333 0 0.0925825
2.66667 0 0.098373
2.75 0 0.10488
2.83333 0 0.112201
2.91667 0 0.120447
3 0 0.129753
3.08333 0 0.140277
3.16667 0 0.152206
3.25 0 0.165766
3.33333 0 0.181226
3.41667 0 0.198907
3.5 0 0.219198
3.58333 0 0.24257
3.66667 0 0.269591
3.75 0 0.300949
3.83333 0 0.337482
3.91667 0 0.380209
4 0 0.430371
4.08333 0 0.489479
4.16667 0 0.559378
4.25 0 0.642319
4.33333 0 0.741047
4.41667 0 0.858912
4.5 0 1
0 0 1
0.0827699 0.00967441 0.240655
0.16554 0.0193488 0.16687
0.24831 0.0290232 0.143638
0.331079 0.0386976 0.131939
0.413849 0.048372 0.124719
0.496619 0.0580465 0.119787
0.579389 0.0677209 0.116237
0.662159 0.0773953 0.113621
0.744929 0.0870697 0.111696
0.827699 0.0967441 0.110318
0.910468 0.106419 0.109399
0.993238 0.116093 0.108883
1.07601 0.125767 0.108738
1.15878 0.135442 0.108944
1.24155 0.145116 0.109493
1.32432 0.154791 0.110383
1.40709 0.164465 0.111619
1.48986 0.174139 0.113212
1.57263 0.183814 0.115176
1.6554 0.193488 0.117531
1.73817 0.203163 0.1203
1.82094 0.212837 0.12351
1.90371 0.222511 0.127194
1.98648 0.232186 0.131387
2.06925 0.24186 0.136131
2.15202 0.251535 0.141471
2.23479 0.261209 0.147462
2.31756 0.270883 0.15416
2.40033 0.280558 0.161631
2.4831 0.290232 0.16995
2.56587 0.299907 0.179197
2.64864 0.309581 0.189465
2.73141 0.319256 0.200855
2.81418 0.32893 0.213482
2.89695 0.338604 0.227471
2.97972 0.348279 0.242963
3.06248 0.357953 0.260112
3.14525 0.367628 0.279088
3.22802 0.377302 0.300078
3.31079 0.386976 0.323285
3.39356 0.396651 0.348927
3.47633 0.406325 0.377238
3.5591 0.416 0.408465
3.64187 0.425674 0.442863
3.72464 0.435348 0.480691
3.80741 0.445023 0.5222
3.89018 0.454697 0.567626
3.97295 0.464372 0.617168
4.05572 0.474046 0.670967
4.13849 0.48372 0.729078
4.22126 0.493395 0.791426
4.30403 0.503069 0.857754
4.3868 0.512744 0.927558
4.46957 0.522418 1
0 0 1
0.0810871 0.019218 0.337368
0.162174 0.038436 0.245004
0.243261 0.057654 0.212774
0.324348 0.076872 0.196041
0.405435 0.0960899 0.185588
0.486522 0.115308 0.178403
0.56761 0.134526 0.17321
0.648697 0.153744 0.169373
0.729784 0.172962 0.16654
0.810871 0.19218 0.164503
0.891958 0.211398 0.163133
0.973045 0.230616 0.16235
1.05413 0.249834 0.162104
1.13522 0.269052 0.162363
1.21631 0.28827 0.163114
1.29739 0.307488 0.16435
1.37848 0.326706 0.166077
1.45957 0.345924 0.168304
1.54065 0.365142 0.171047
1.62174 0.38436 0.174329
1.70283 0.403578 0.178176
1.78392 0.422796 0.182617
1.865 0.442014 0.187689
1.94609 0.461232 0.193431
2.02718 0.48045 0.199886
2.10826 0.499668 0.207103
2.18935 0.518886 0.215134
2.27044 0.538104 0.224037
2.35153 0.557322 0.233873
2.43261 0.57654 0.244709
2.5137 0.595758 0.256617
2.59479 0.614976 0.269672
2.67587 0.634194 0.283954
2.75696 0.653412 0.299549
2.83805 0.67263 0.316545
2.91913 0.691848 0.335033
3.00022 0.711066 0.355107
3.08131 0.730284 0.376863
3.1624 0.749502 0.400394
3.24348 0.76872 0.425794
3.32457 0.787938 0.453153
3.40566 0.807156 0.482551
3.48674 0.826374 0.514062
3.56783 0.845592 0.547745
3.64892 0.86481 0.583643
3.73001 0.884028 0.621778
3.81109 0.903245 0.662146
3.89218 0.922463 0.704715
3.97327 0.941681 0.749418
4.05435 0.960899 0.796151
4.13544 0.980117 0.844774
4.21653 0.999335 0.895105
4.29761 1.01855 0.946928
4.3787 1.03777 1
0 0 1
0.0783077 0.0285017 0.421249
0.156615 0.0570034 0.318194
0.234923 0.085505 0.279027
0.313231 0.114007 0.258047
0.391539 0.142508 0.244754
0.469846 0.17101 0.235546
0.548154 0.199512 0.228856
0.626462 0.228013 0.223893
0.704769 0.256515 0.220213
0.783077 0.285017 0.217552
0.861385 0.313518 0.215745
0.939693 0.34202 0.214687
1.018 0.370522 0.21431
1.09631 0.399024 0.214574
1.17462 0.427525 0.215453
1.25292 0.456027 0.216939
1.33123 0.484529 0.219029
1.40954 0.51303 0.221731
1.48785 0.541532 0.225058
1.56615 0.570034 0.22903
1.64446 0.598535 0.233669
1.72277 0.627037 0.239003
1.80108 0.655539 0.245063
1.87939 0.68404 0.251882
1.95769 0.712542 0.259499
2.036 0.741044 0.267952
2.11431 0.769545 0.277285
2.19262 0.798047 0.287542
2.27092 0.826549 0.298769
2.34923 0.85505 0.311015
2.42754 0.883552 0.324328
2.50585 0.912054 0.338759
2.58415 0.940555 0.354357
2.66246 0.969057 0.371172
2.74077 0.997559 0.389252
2.81908 1.02606 0.408644
2.89739 1.05456 0.429392
2.97569 1.08306 0.451537
3.054 1.11157 0.475113
3.13231 1.14007 0.500151
3.21062 1.16857 0.526674
3.28892 1.19707 0.554698
3.36723 1.22557 0.58423
3.44554 1.25407 0.615267
3.52385 1.28258 0.647796
3.60216 1.31108 0.681791
3.68046 1.33958 0.717218
3.75877 1.36808 0.754027
3.83708 1.39658 0.792162
3.91539 1.42508 0.831551
3.99369 1.45359 0.872118
4.072 1.48209 0.913776
4.15031 1.51059 0.956435
4.22862 1.53909 1
0 0 1
0.0744694 0.0373999 0.494074
0.148939 0.0747999 0.385998
0.223408 0.1122 0.341843
0.297878 0.1496 0.317459
0.372347 0.187 0.301775
0.446816 0.2244 0.290815
0.521286 0.2618 0.282805
0.595755 0.299199 0.276833
0.670224 0.336599 0.272382
0.744694 0.373999 0.269143
0.819163 0.411399 0.266916
0.893633 0.448799 0.265577
0.968102 0.486199 0.265041
1.04257 0.523599 0.265254
1.11704 0.560999 0.266185
1.19151 0.598399 0.267814
1.26598 0.635799 0.270133
1.34045 0.673199 0.273144
1.41492 0.710599 0.276854
1.48939 0.747999 0.281275
1.56386 0.785399 0.286424
1.63833 0.822798 0.29232
1.7128 0.860198 0.298987
1.78727 0.897598 0.30645
1.86173 0.934998 0.314733
1.9362 0.972398 0.323867
2.01067 1.0098 0.333879
2.08514 1.0472 0.344799
2.15961 1.0846 0.356656
2.23408 1.122 0.36948
2.30855 1.1594 0.383299
2.38302 1.1968 0.39814
2.45749 1.2342 0.414029
2.53196 1.2716 0.43099
2.60643 1.309 0.449045
2.6809 1.3464 0.468213
2.75537 1.3838 0.488508
2.82984 1.4212 0.509943
2.90431 1.4586 0.532524
2.97878 1.496 0.556257
3.05324 1.5334 0.581138
3.12771 1.5708 0.607163
3.20218 1.6082 0.634319
3.27665 1.6456 0.662591
3.35112 1.683 0.691958
3.42559 1.7204 0.722393
3.50006 1.7578 0.753867
3.57453 1.7952 0.786344
3.649 1.8326 0.819787
3.72347 1.87 0.854155
3.79794 1.9074 0.889406
3.87241 1.9448 0.925493
3.94688 1.9822 0.962373
4.02135 2.0196 1
0 0 1
0.069624 0.0457924 0.557357
0.139248 0.0915848 0.44828
0.208872 0.137377 0.400858
0.278496 0.18317 0.373902
0.34812 0.228962 0.356295
0.417744 0.274754 0.343875
0.487368 0.320547 0.334738
0.556992 0.366339 0.327888
0.626616 0.412132 0.322755
0.69624 0.457924 0.318989
0.765864 0.503717 0.316368
0.835488 0.549509 0.314746
0.905112 0.595301 0.314025
0.974736 0.641094 0.314139
1.04436 0.686886 0.315046
1.11398 0.732679 0.316718
1.18361 0.778471 0.319139
1.25323 0.824263 0.322304
1.32286 0.870056 0.326211
1.39248 0.915848 0.330865
1.4621 0.961641 0.336274
1.53173 1.00743 0.342448
1.60135 1.05323 0.349403
1.67098 1.09902 0.357151
1.7406 1.14481 0.365708
1.81022 1.1906 0.375091
1.87985 1.2364 0.385317
1.94947 1.28219 0.3964
2.0191 1.32798 0.408357
2.08872 1.37377 0.421202
2.15834 1.41956 0.43495
2.22797 1.46536 0.44961
2.29759 1.51115 0.465195
2.36722 1.55694 0.481713
2.43684 1.60273 0.499169
2.50646 1.64853 0.517568
2.57609 1.69432 0.536911
2.64571 1.74011 0.557198
2.71534 1.7859 0.578425
2.78496 1.8317 0.600585
2.85458 1.87749 0.62367
2.92421 1.92328 0.647668
2.99383 1.96907 0.672567
3.06346 2.01487 0.698348
3.13308 2.06066 0.724995
3.2027 2.10645 0.752487
3.27233 2.15224 0.780802
3.34195 2.19804 0.809916
3.41158 2.24383 0.839806
3.4812 2.28962 0.870447
3.55082 2.33541 0.901812
3.62045 2.38121 0.933876
3.69007 2.427 0.966614
3.7597 2.47279 1
0 0 1
0.063837 0.0535656 0.61239
0.127674 0.107131 0.505105
0.191511 0.160697 0.455868
0.255348 0.214263 0.427114
0.319185 0.267828 0.408043
0.383022 0.321394 0.39446
0.446859 0.374959 0.384397
0.510696 0.428525 0.376808
0.574533 0.482091 0.371085
0.63837 0.535656 0.366852
0.702207 0.589222 0.363867
0.766044 0.642788 0.361967
0.829881 0.696353 0.361041
0.893719 0.749919 0.361014
0.957556 0.803485 0.361832
1.02139 0.85705 0.363461
1.08523 0.910616 0.365875
1.14907 0.964181 0.369061
1.2129 1.01775 0.37301
1.27674 1.07131 0.377717
1.34058 1.12488 0.383183
1.40441 1.17844 0.389411
1.46825 1.23201 0.396404
1.53209 1.28558 0.404168
1.59593 1.33914 0.41271
1.65976 1.39271 0.422036
1.7236 1.44627 0.432153
1.78744 1.49984 0.443066
1.85127 1.5534 0.454781
1.91511 1.60697 0.467303
1.97895 1.66053 0.480635
2.04279 1.7141 0.494781
2.10662 1.76767 0.509741
2.17046 1.82123 0.525516
2.2343 1.8748 0.542103
2.29813 1.92836 0.5595
2.36197 1.98193 0.577702
2.42581 2.03549 0.596704
2.48964 2.08906 0.616497
2.55348 2.14263 0.637074
2.61732 2.19619 0.658423
2.68116 2.24976 0.680534
2.74499 2.30332 0.703394
2.80883 2.35689 0.72699
2.87267 2.41045 0.751306
2.9365 2.46402 0.776329
3.00034 2.51758 0.802042
3.06418 2.57115 0.828429
3.12801 2.62472 0.855474
3.19185 2.67828 0.883161
3.25569 2.73185 0.911473
3.31953 2.78541 0.940394
3.38336 2.83898 0.969908
3.4472 2.89254 1
0 0 1
0.0571868 0.0606145 0.660277
0.114374 0.121229 0.556666
0.17156 0.181843 0.506799
0.228747 0.242458 0.476933
0.285934 0.303072 0.456828
0.343121 0.363687 0.442367
0.400308 0.424301 0.431577
0.457494 0.484916 0.423388
0.514681 0.54553 0.417172
0.571868 0.606145 0.412536
0.629055 0.666759 0.409222
0.686242 0.727374 0.407055
0.743428 0.787988 0.405915
0.800615 0.848603 0.405715
0.857802 0.909217 0.406395
0.914989 0.969832 0.407911
0.972176 1.03045 0.410231
1.02936 1.09106 0.413333
1.08655 1.15167 0.417201
1.14374 1.21229 0.421824
1.20092 1.2729 0.427195
1.25811 1.33352 0.433308
1.3153 1.39413 0.44016
1.37248 1.45475 0.447751
1.42967 1.51536 0.456078
1.48686 1.57598 0.465141
1.54404 1.63659 0.474939
1.60123 1.69721 0.485472
1.65842 1.75782 0.496738
1.7156 1.81843 0.508736
1.77279 1.87905 0.521464
1.82998 1.93966 0.534919
1.88716 2.00028 0.549097
1.94435 2.06089 0.563993
2.00154 2.12151 0.579602
2.05872 2.18212 0.595919
2.11591 2.24274 0.612936
2.1731 2.30335 0.630646
2.23029 2.36396 0.64904
2.28747 2.42458 0.668109
2.34466 2.48519 0.687843
2.40185 2.54581 0.708234
2.45903 2.60642 0.729269
2.51622 2.66704 0.750938
2.57341 2.72765 0.77323
2.63059 2.78827 0.796134
2.68778 2.84888 0.819637
2.74497 2.90949 0.843729
2.80215 2.97011 0.868398
2.85934 3.03072 0.893631
2.91653 3.09134 0.91942
2.97371 3.15195 0.945751
3.0309 3.21257 0.972614
3.08809 3.27318 1
0 0 1
0.0497632 0.0668436 0.701966
0.0995264 0.133687 0.60324
0.14929 0.200531 0.553673
0.199053 0.267374 0.523284
0.248816 0.334218 0.502532
0.298579 0.401062 0.487461
0.348343 0.467905 0.476131
0.398106 0.534749 0.467478
0.447869 0.601592 0.460865
0.497632 0.668436 0.455891
0.547395 0.73528 0.452287
0.597159 0.802123 0.449871
0.646922 0.868967 0.448514
0.696685 0.93581 0.448123
0.746448 1.00265 0.448629
0.796211 1.0695 0.449982
0.845975 1.13634 0.452143
0.895738 1.20318 0.455084
0.945501 1.27003 0.458783
0.995264 1.33687 0.463222
1.04503 1.40372 0.468388
1.09479 1.47056 0.47427
1.14455 1.5374 0.48086
1.19432 1.60425 0.488149
1.24408 1.67109 0.496132
1.29384 1.73793 0.504803
1.34361 1.80478 0.514156
1.39337 1.87162 0.524186
1.44313 1.93846 0.534888
1.4929 2.00531 0.546255
1.54266 2.07215 0.558283
1.59242 2.139 0.570966
1.64219 2.20584 0.584296
1.69195 2.27268 0.598269
1.74171 2.33953 0.612875
1.79148 2.40637 0.628109
1.84124 2.47321 0.643962
1.891 2.54006 0.660427
1.94077 2.6069 0.677495
1.99053 2.67374 0.695158
2.04029 2.74059 0.713407
2.09006 2.80743 0.732234
2.13982 2.87427 0.75163
2.18958 2.94112 0.771585
2.23934 3.00796 0.792091
2.28911 3.07481 0.813139
2.33887 3.14165 0.83472
2.38863 3.20849 0.856825
2.4384 3.27534 0.879446
2.48816 3.34218 0.902574
2.53792 3.40902 0.926202
2.58769 3.47587 0.95032
2.63745 3.54271 0.974922
2.68721 3.60955 1
0 0 1
0.0416667 0.0721688 0.738271
0.0833333 0.144338 0.645143
0.125 0.216506 0.596586
0.166667 0.288675 0.566163
0.208333 0.360844 0.545101
0.25 0.433013 0.529657
0.291667 0.505181 0.517963
0.333333 0.57735 0.508972
0.375 0.649519 0.502055
0.416667 0.721688 0.496806
0.458333 0.793857 0.492956
0.5 0.866025 0.490314
0.541667 0.938194 0.488747
0.583333 1.01036 0.488156
0.625 1.08253 0.488466
0.666667 1.1547 0.489623
0.708333 1.22687 0.491582
0.75 1.29904 0.49431
0.791667 1.37121 0.497779
0.833333 1.44338 0.501968
0.875 1.51554 0.506858
0.916667 1.58771 0.512434
0.958333 1.65988 0.518682
1 1.73205 0.525593
1.04167 1.80422 0.533155
1.08333 1.87639 0.541359
1.125 1.94856 0.550196
1.16667 2.02073 0.559659
1.20833 2.09289 0.569739
1.25 2.16506 0.580428
1.29167 2.23723 0.591719
1.33333 2.3094 0.603604
1.375 2.38157 0.616075
1.41667 2.45374 0.629126
1.45833 2.52591 0.642747
1.5 2.59808 0.656932
1.54167 2.67024 0.671672
1.58333 2.74241 0.686961
1.625 2.81458 0.70279
1.66667 2.88675 0.719151
1.70833 2.95892 0.736037
1.75 3.03109 0.75344
1.79167 3.10326 0.771353
1.83333 3.17543 0.789768
1.875 3.2476 0.808678
1.91667 3.31976 0.828076
1.95833 3.39193 0.847954
2 3.4641 0.868305
2.04167 3.53627 0.889124
2.08333 3.60844 0.910403
2.125 3.68061 0.932136
2.16667 3.75278 0.954317
2.20833 3.82495 0.97694
2.25 3.89711 1
0 0 1
0.0330066 0.076518 0.769891
0.0660133 0.153036 0.682715
0.0990199 0.229554 0.635686
0.132027 0.306072 0.605621
0.165033 0.38259 0.584531
0.19804 0.459108 0.568925
0.231047 0.535626 0.55702
0.264053 0.612144 0.547808
0.29706 0.688662 0.540672
0.330066 0.76518 0.535212
0.363073 0.841698 0.531157
0.39608 0.918216 0.528316
0.429086 0.994734 0.526552
0.462093 1.07125 0.525762
0.4951 1.14777 0.525869
0.528106 1.22429 0.526811
0.561113 1.30081 0.528543
0.59412 1.37732 0.531026
0.627126 1.45384 0.53423
0.660133 1.53036 0.538127
0.69314 1.60688 0.542699
0.726146 1.6834 0.547924
0.759153 1.75991 0.553789
0.79216 1.83643 0.560278
0.825166 1.91295 0.567379
0.858173 1.98947 0.575079
0.891179 2.06599 0.58337
0.924186 2.1425 0.592239
0.957193 2.21902 0.601678
0.990199 2.29554 0.611678
1.02321 2.37206 0.622229
1.05621 2.44858 0.633324
1.08922 2.52509 0.644954
1.12223 2.60161 0.65711
1.15523 2.67813 0.669786
1.18824 2.75465 0.682974
1.22125 2.83117 0.696665
1.25425 2.90768 0.710853
1.28726 2.9842 0.72553
1.32027 3.06072 0.74069
1.35327 3.13724 0.756325
1.38628 3.21376 0.772428
1.41929 3.29027 0.788993
1.45229 3.36679 0.806014
1.4853 3.44331 0.823484
1.51831 3.51983 0.841398
1.55131 3.59635 0.859749
1.58432 3.67286 0.878531
1.61733 3.74938 0.89774
1.65033 3.8259 0.91737
1.68334 3.90242 0.937416
1.71635 3.97894 0.957872
1.74935 4.05545 0.978735
1.78236 4.13197 1
0 0 1
0.0239003 0.0798325 0.797429
0.0478005 0.159665 0.716295
0.0717008 0.239497 0.671154
0.0956011 0.31933 0.641748
0.119501 0.399162 0.620864
0.143402 0.478995 0.605269
0.167302 0.558827 0.593289
0.191202 0.63866 0.583958
0.215102 0.718492 0.576682
0.239003 0.798325 0.571069
0.262903 0.878157 0.566852
0.286803 0.95799 0.563842
0.310704 1.03782 0.561899
0.334604 1.11765 0.560919
0.358504 1.19749 0.560822
0.382404 1.27732 0.561545
0.406305 1.35715 0.563039
0.430205 1.43698 0.565262
0.454105 1.51682 0.568182
0.478005 1.59665 0.571769
0.501906 1.67648 0.576001
0.525806 1.75631 0.580857
0.549706 1.83615 0.586317
0.573606 1.91598 0.592368
0.597507 1.99581 0.598993
0.621407 2.07564 0.60618
0.645307 2.15548 0.613917
0.669208 2.23531 0.622192
0.693108 2.31514 0.630996
0.717008 2.39497 0.640318
0.740908 2.47481 0.650148
0.764809 2.55464 0.660479
0.788709 2.63447 0.671302
0.812609 2.7143 0.682608
0.836509 2.79414 0.694389
0.86041 2.87397 0.706639
0.88431 2.9538 0.719349
0.90821 3.03363 0.732514
0.932111 3.11347 0.746125
0.956011 3.1933 0.760176
0.979911 3.27313 0.774662
1.00381 3.35296 0.789576
1.02771 3.4328 0.804912
1.05161 3.51263 0.820664
1.07551 3.59246 0.836828
1.09941 3.67229 0.853397
1.12331 3.75213 0.870368
1.14721 3.83196 0.887734
1.17111 3.91179 0.905492
1.19501 3.99162 0.923636
1.21891 4.07146 0.942163
1.24281 4.15129 0.961069
1.26671 4.23112 0.980349
1.29061 4.31095 1
0 0 1
0.0144707 0.0820673 0.821401
0.0289414 0.164135 0.746217
0.043412 0.246202 0.70319
0.0578827 0.328269 0.674668
0.0723534 0.410337 0.654171
0.0868241 0.492404 0.638733
0.101295 0.574471 0.626789
0.115765 0.656539 0.617428
0.130236 0.738606 0.61008
0.144707 0.820673 0.604368
0.159177 0.90274 0.600031
0.173648 0.984808 0.596881
0.188119 1.06688 0.59478
0.20259 1.14894 0.593624
0.21706 1.23101 0.593332
0.231531 1.31308 0.59384
0.246002 1.39514 0.595096
0.260472 1.47721 0.597057
0.274943 1.55928 0.599689
0.289414 1.64135 0.602961
0.303884 1.72341 0.606849
0.318355 1.80548 0.611331
0.332826 1.88755 0.616386
0.347296 1.96962 0.621998
0.361767 2.05168 0.628151
0.376238 2.13375 0.634831
0.390708 2.21582 0.642026
0.405179 2.29788 0.649723
0.41965 2.37995 0.657912
0.43412 2.46202 0.666582
0.448591 2.54409 0.675724
0.463062 2.62615 0.685329
0.477532 2.70822 0.695388
0.492003 2.79029 0.705893
0.506474 2.87236 0.716836
0.520945 2.95442 0.728211
0.535415 3.03649 0.740009
0.549886 3.11856 0.752225
0.564357 3.20063 0.764852
0.578827 3.28269 0.777884
0.593298 3.36476 0.791315
0.607769 3.44683 0.80514
0.622239 3.52889 0.819352
0.63671 3.61096 0.833948
0.651181 3.69303 0.848922
0.665651 3.7751 0.864269
0.680122 3.85716 0.879985
0.694593 3.93923 0.896067
0.709063 4.0213 0.912509
0.723534 4.10337 0.929307
0.738005 4.18543 0.946459
0.752475 4.2675 0.963961
0.766946 4.34957 0.981809
0.781417 4.43163 1
0 0 1
0.0048454 0.0831923 0.842256
0.0096908 0.166385 0.772796
0.0145362 0.249577 0.732006
0.0193816 0.332769 0.704522
0.024227 0.415962 0.684549
0.0290724 0.499154 0.66938
0.0339178 0.582346 0.657564
0.0387632 0.665539 0.648248
0.0436086 0.748731 0.640888
0.048454 0.831923 0.635124
0.0532994 0.915116 0.630703
0.0581448 0.998308 0.627442
0.0629902 1.0815 0.625207
0.0678356 1.16469 0.623894
0.072681 1.24789 0.62342
0.0775264 1.33108 0.623722
0.0823718 1.41427 0.624748
0.0872172 1.49746 0.626455
0.0920626 1.58065 0.628805
0.096908 1.66385 0.631769
0.101753 1.74704 0.63532
0.106599 1.83023 0.639436
0.111444 1.91342 0.644096
0.11629 1.99662 0.649282
0.121135 2.07981 0.654979
0.12598 2.163 0.661171
0.130826 2.24619 0.667846
0.135671 2.32939 0.674991
0.140517 2.41258 0.682595
0.145362 2.49577 0.690649
0.150207 2.57896 0.699141
0.155053 2.66216 0.708064
0.159898 2.74535 0.717408
0.164744 2.82854 0.727166
0.169589 2.91173 0.73733
0.174434 2.99492 0.747893
0.17928 3.07812 0.758848
0.184125 3.16131 0.77019
0.188971 3.2445 0.781911
0.193816 3.32769 0.794006
0.198661 3.41089 0.80647
0.203507 3.49408 0.819297
0.208352 3.57727 0.832483
0.213198 3.66046 0.846023
0.218043 3.74366 0.859912
0.222889 3.82685 0.874146
0.227734 3.91004 0.888721
0.232579 3.99323 0.903634
0.237425 4.07642 0.91888
0.24227 4.15962 0.934456
0.247116 4.24281 0.95036
0.251961 4.326 0.966587
0.256806 4.40919 0.983134
0.261652 4.49239 1
-0 0 1
-0.0048454 0.0831923 0.860378
-0.0096908 0.166385 0.79633
-0.0145362 0.249577 0.757814
-0.0193816 0.332769 0.731464
-0.024227 0.415962 0.712111
-0.0290724 0.499154 0.697296
-0.0339178 0.582346 0.685681
-0.0387632 0.665539 0.676467
-0.0436086 0.748731 0.669144
-0.048454 0.831923 0.663368
-0.0532994 0.915116 0.658898
-0.0581448 0.998308 0.655555
-0.0629902 1.0815 0.653208
-0.0678356 1.16469 0.651756
-0.072681 1.24789 0.651118
-0.0775264 1.33108 0.65123
-0.0823718 1.41427 0.65204
-0.0872172 1.49746 0.653504
-0.0920626 1.58065 0.655587
-0.096908 1.66385 0.658256
-0.101753 1.74704 0.661486
-0.106599 1.83023 0.665252
-0.111444 1.91342 0.669535
-0.11629 1.99662 0.674317
-0.121135 2.07981 0.67958
-0.12598 2.163 0.685311
-0.130826 2.24619 0.691495
-0.135671 2.32939 0.698121
-0.140517 2.41258 0.705177
-0.145362 2.49577 0.712653
-0.150207 2.57896 0.72054
-0.155053 2.66216 0.728828
-0.159898 2.74535 0.737509
-0.164744 2.82854 0.746575
-0.169589 2.91173 0.756019
-0.174434 2.99492 0.765834
-0.17928 3.07812 0.776014
-0.184125 3.16131 0.786552
-0.188971 3.2445 0.797442
-0.193816 3.32769 0.80868
-0.198661 3.41089 0.820259
-0.203507 3.49408 0.832176
-0.208352 3.57727 0.844424
-0.213198 3.66046 0.857001
-0.218043 3.74366 0.869902
-0.222889 3.82685 0.883123
-0.227734 3.91004 0.89666
-0.232579 3.99323 0.910509
-0.237425 4.07642 0.924669
-0.24227 4.15962 0.939134
-0.247116 4.24281 0.953902
-0.251961 4.326 0.968971
-0.256806 4.40919 0.984338
-0.261652 4.49239 1
-0 0 1
-0.0144707 0.0820673 0.876098
-0.0289414 0.164135 0.817093
-0.043412 0.246202 0.780822
-0.0578827 0.328269 0.755652
-0.0723534 0.410337 0.736981
-0.0868241 0.492404 0.722578
-0.101295 0.574471 0.711215
-0.115765 0.656539 0.70215
-0.130236 0.738606 0.694904
-0.144707 0.820673 0.689151
-0.159177 0.90274 0.684659
-0.173648 0.984808 0.681259
-0.188119 1.06688 0.678823
-0.20259 1.14894 0.677252
-0.21706 1.23101 0.676468
-0.231531 1.31308 0.676407
-0.246002 1.39514 0.677019
-0.260472 1.47721 0.678258
-0.274943 1.55928 0.68009
-0.289414 1.64135 0.682484
-0.303884 1.72341 0.685412
-0.318355 1.80548 0.688852
-0.332826 1.88755 0.692782
-0.347296 1.96962 0.697184
-0.361767 2.05168 0.702043
-0.376238 2.13375 0.707343
-0.390708 2.21582 0.71307
-0.405179 2.29788 0.719214
-0.41965 2.37995 0.725762
-0.43412 2.46202 0.732704
-0.448591 2.54409 0.740031
-0.463062 2.62615 0.747734
-0.477532 2.70822 0.755805
-0.492003 2.79029 0.764235
-0.506474 2.87236 0.773019
-0.520945 2.95442 0.782148
-0.535415 3.03649 0.791618
-0.549886 3.11856 0.801421
-0.564357 3.20063 0.811553
-0.578827 3.28269 0.822008
-0.593298 3.36476 0.832781
-0.607769 3.44683 0.843868
-0.622239 3.52889 0.855264
-0.63671 3.61096 0.866966
-0.651181 3.69303 0.878968
-0.665651 3.7751 0.891268
-0.680122 3.85716 0.903862
-0.694593 3.93923 0.916747
-0.709063 4.0213 0.929919
-0.723534 4.10337 0.943377
-0.738005 4.18543 0.957116
-0.752475 4.2675 0.971134
-0.766946 4.34957 0.98543
-0.781417 4.43163 1
-0 0 1
-0.0239003 0.0798325 0.889701
-0.0478005 0.159665 0.835336
-0.0717008 0.239497 0.801229
-0.0956011 0.31933 0.777246
-0.119501 0.399162 0.759286
-0.143402 0.478995 0.745332
-0.167302 0.558827 0.734257
-0.191202 0.63866 0.725373
-0.215102 0.718492 0.718233
-0.239003 0.798325 0.712528
-0.262903 0.878157 0.708039
-0.286803 0.95799 0.704604
-0.310704 1.03782 0.7021
-0.334604 1.11765 0.70043
-0.358504 1.19749 0.699519
-0.382404 1.27732 0.699304
-0.406305 1.35715 0.699735
-0.430205 1.43698 0.70077
-0.454105 1.51682 0.702373
-0.478005 1.59665 0.704513
-0.501906 1.67648 0.707163
-0.525806 1.75631 0.7103
-0.549706 1.83615 0.713905
-0.573606 1.91598 0.717958
-0.597507 1.99581 0.722443
-0.621407 2.07564 0.727346
-0.645307 2.15548 0.732654
-0.669208 2.23531 0.738354
-0.693108 2.31514 0.744436
-0.717008 2.39497 0.750889
-0.740908 2.47481 0.757703
-0.764809 2.55464 0.764871
-0.788709 2.63447 0.772384
-0.812609 2.7143 0.780235
-0.836509 2.79414 0.788416
-0.86041 2.87397 0.796922
-0.88431 2.9538 0.805745
-0.90821 3.03363 0.814881
-0.932111 3.11347 0.824324
-0.956011 3.1933 0.834069
-0.979911 3.27313 0.844111
-1.00381 3.35296 0.854446
-1.02771 3.4328 0.86507
-1.05161 3.51263 0.875978
-1.07551 3.59246 0.887167
-1.09941 3.67229 0.898634
-1.12331 3.75213 0.910375
-1.14721 3.83196 0.922387
-1.17111 3.91179 0.934667
-1.19501 3.99162 0.947212
-1.21891 4.07146 0.960021
-1.24281 4.15129 0.97309
-1.26671 4.23112 0.986417
-1.29061 4.31095 1
-0 0 1
-0.0330066 0.076518 0.901431
-0.0660133 0.153036 0.851283
-0.0990199 0.229554 0.819224
-0.132027 0.306072 0.796399
-0.165033 0.38259 0.779154
-0.19804 0.459108 0.765665
-0.231047 0.535626 0.754898
-0.264053 0.612144 0.746217
-0.29706 0.688662 0.739203
-0.330066 0.76518 0.733566
-0.363073 0.841698 0.7291
-0.39608 0.918216 0.725648
-0.429086 0.994734 0.723093
-0.462093 1.07125 0.721343
-0.4951 1.14777 0.720322
-0.528106 1.22429 0.719973
-0.561113 1.30081 0.720244
-0.59412 1.37732 0.721095
-0.627126 1.45384 0.722491
-0.660133 1.53036 0.7244
-0.69314 1.60688 0.726797
-0.726146 1.6834 0.72966
-0.759153 1.75991 0.732968
-0.79216 1.83643 0.736702
-0.825166 1.91295 0.740848
-0.858173 1.98947 0.74539
-0.891179 2.06599 0.750316
-0.924186 2.1425 0.755613
-0.957193 2.21902 0.761271
-0.990199 2.29554 0.767279
-1.02321 2.37206 0.773629
-1.05621 2.44858 0.780312
-1.08922 2.52509 0.78732
-1.12223 2.60161 0.794646
-1.15523 2.67813 0.802283
-1.18824 2.75465 0.810225
-1.22125 2.83117 0.818465
-1.25425 2.90768 0.826998
-1.28726 2.9842 0.835819
-1.32027 3.06072 0.844924
-1.35327 3.13724 0.854307
-1.38628 3.21376 0.863964
-1.41929 3.29027 0.873892
-1.45229 3.36679 0.884086
-1.4853 3.44331 0.894543
-1.51831 3.51983 0.905259
-1.55131 3.59635 0.916232
-1.58432 3.67286 0.927459
-1.61733 3.74938 0.938936
-1.65033 3.8259 0.950662
-1.68334 3.90242 0.962634
-1.71635 3.97894 0.974848
-1.74935 4.05545 0.987305
-1.78236 4.13197 1
-0 0 1
-0.0416667 0.0721688 0.9115
-0.0833333 0.144338 0.865137
-0.125 0.216506 0.834978
-0.166667 0.288675 0.813257
-0.208333 0.360844 0.796711
-0.25 0.433013 0.783685
-0.291667 0.505181 0.773233
-0.333333 0.57735 0.764764
-0.375 0.649519 0.757888
-0.416667 0.721688 0.752334
-0.458333 0.793857 0.747904
-0.5 0.866025 0.74445
-0.541667 0.938194 0.74186
-0.583333 1.01036 0.740045
-0.625 1.08253 0.738934
-0.666667 1.1547 0.738468
-0.708333 1.22687 0.738599
-0.75 1.29904 0.739287
-0.791667 1.37121 0.740498
-0.833333 1.44338 0.742201
-0.875 1.51554 0.744372
-0.916667 1.58771 0.746988
-0.958333 1.65988 0.750029
-1 1.73205 0.753477
-1.04167 1.80422 0.757317
-1.08333 1.87639 0.761535
-1.125 1.94856 0.766117
-1.16667 2.02073 0.771051
-1.20833 2.09289 0.776328
-1.25 2.16506 0.781938
-1.29167 2.23723 0.78787
-1.33333 2.3094 0.794118
-1.375 2.38157 0.800673
-1.41667 2.45374 0.807528
-1.45833 2.52591 0.814677
-1.5 2.59808 0.822113
-1.54167 2.67024 0.829831
-1.58333 2.74241 0.837825
-1.625 2.81458 0.84609
-1.66667 2.88675 0.854621
-1.70833 2.95892 0.863415
-1.75 3.03109 0.872466
-1.79167 3.10326 0.881772
-1.83333 3.17543 0.891327
-1.875 3.2476 0.90113
-1.91667 3.31976 0.911176
-1.95833 3.39193 0.921464
-2 3.4641 0.931989
-2.04167 3.53627 0.942749
-2.08333 3.60844 0.953743
-2.125 3.68061 0.964967
-2.16667 3.75278 0.976419
-2.20833 3.82495 0.988097
-2.25 3.89711 1
-0 0 1
-0.0497632 0.0668436 0.920086
-0.0995264 0.133687 0.877078
-0.14929 0.200531 0.84865
-0.199053 0.267374 0.827958
-0.248816 0.334218 0.812075
-0.298579 0.401062 0.799497
-0.348343 0.467905 0.789353
-0.398106 0.534749 0.781098
-0.447869 0.601592 0.774366
-0.497632 0.668436 0.768901
-0.547395 0.73528 0.764516
-0.597159 0.802123 0.761072
-0.646922 0.868967 0.75846
-0.696685 0.93581 0.756595
-0.746448 1.00265 0.755408
-0.796211 1.0695 0.754843
-0.845975 1.13634 0.754853
-0.895738 1.20318 0.755399
-0.945501 1.27003 0.756448
-0.995264 1.33687 0.75797
-1.04503 1.40372 0.759941
-1.09479 1.47056 0.762338
-1.14455 1.5374 0.765142
-1.19432 1.60425 0.768336
-1.24408 1.67109 0.771905
-1.29384 1.73793 0.775834
-1.34361 1.80478 0.78011
-1.39337 1.87162 0.784723
-1.44313 1.93846 0.789662
-1.4929 2.00531 0.794917
-1.54266 2.07215 0.800479
-1.59242 2.139 0.806341
-1.64219 2.20584 0.812494
-1.69195 2.27268 0.818932
-1.74171 2.33953 0.825648
-1.79148 2.40637 0.832636
-1.84124 2.47321 0.83989
-1.891 2.54006 0.847406
-1.94077 2.6069 0.855178
-1.99053 2.67374 0.863202
-2.04029 2.74059 0.871474
-2.09006 2.80743 0.879989
-2.13982 2.87427 0.888743
-2.18958 2.94112 0.897734
-2.23934 3.00796 0.906958
-2.28911 3.07481 0.916411
-2.33887 3.14165 0.926092
-2.38863 3.20849 0.935996
-2.4384 3.27534 0.946122
-2.48816 3.34218 0.956468
-2.53792 3.40902 0.96703
-2.58769 3.47587 0.977808
-2.63745 3.54271 0.988798
-2.68721 3.60955 1
-0 0 1
-0.0571868 0.0606145 0.927339
-0.114374 0.121229 0.887262
-0.17156 0.181843 0.860383
-0.228747 0.242458 0.840627
-0.285934 0.303072 0.825357
-0.343121 0.363687 0.813198
-0.400308 0.424301 0.803348
-0.457494 0.484916 0.795299
-0.514681 0.54553 0.788709
-0.571868 0.606145 0.783335
-0.629055 0.666759 0.779001
-0.686242 0.727374 0.775574
-0.743428 0.787988 0.77295
-0.800615 0.848603 0.771047
-0.857802 0.909217 0.769799
-0.914989 0.969832 0.769151
-0.972176 1.03045 0.769058
-1.02936 1.09106 0.769482
-1.08655 1.15167 0.77039
-1.14374 1.21229 0.771755
-1.20092 1.2729 0.773551
-1.25811 1.33352 0.775758
-1.3153 1.39413 0.778356
-1.37248 1.45475 0.781327
-1.42967 1.51536 0.784658
-1.48686 1.57598 0.788335
-1.54404 1.63659 0.792344
-1.60123 1.69721 0.796675
-1.65842 1.75782 0.801318
-1.7156 1.81843 0.806262
-1.77279 1.87905 0.8115
-1.82998 1.93966 0.817024
-1.88716 2.00028 0.822825
-1.94435 2.06089 0.828898
-2.00154 2.12151 0.835235
-2.05872 2.18212 0.841831
-2.11591 2.24274 0.848681
-2.1731 2.30335 0.855779
-2.23029 2.36396 0.86312
-2.28747 2.42458 0.8707
-2.34466 2.48519 0.878515
-2.40185 2.54581 0.886561
-2.45903 2.60642 0.894835
-2.51622 2.66704 0.903332
-2.57341 2.72765 0.912049
-2.63059 2.78827 0.920985
-2.68778 2.84888 0.930135
-2.74497 2.90949 0.939497
-2.80215 2.97011 0.949069
-2.85934 3.03072 0.958849
-2.91653 3.09134 0.968833
-2.97371 3.15195 0.979022
-3.0309 3.21257 0.989411
-3.08809 3.27318 1
-0 0 1
-0.063837 0.0535656 0.933388
-0.127674 0.107131 0.895825
-0.191511 0.160697 0.870299
-0.255348 0.214263 0.851376
-0.319185 0.267828 0.836656
-0.383022 0.321394 0.824879
-0.446859 0.374959 0.8153
-0.510696 0.428525 0.807442
-0.574533 0.482091 0.800986
-0.63837 0.535656 0.7957
-0.702207 0.589222 0.791419
-0.766044 0.642788 0.788014
-0.829881 0.696353 0.785385
-0.893719 0.749919 0.783454
-0.957556 0.803485 0.782156
-1.02139 0.85705 0.78144
-1.08523 0.910616 0.781261
-1.14907 0.964181 0.781583
-1.2129 1.01775 0.782372
-1.27674 1.07131 0.783602
-1.34058 1.12488 0.78525
-1.40441 1.17844 0.787293
-1.46825 1.23201 0.789713
-1.53209 1.28558 0.792494
-1.59593 1.33914 0.795621
-1.65976 1.39271 0.799081
-1.7236 1.44627 0.80286
-1.78744 1.49984 0.806949
-1.85127 1.5534 0.811337
-1.91511 1.60697 0.816015
-1.97895 1.66053 0.820974
-2.04279 1.7141 0.826206
-2.10662 1.76767 0.831705
-2.17046 1.82123 0.837464
-2.2343 1.8748 0.843475
-2.29813 1.92836 0.849734
-2.36197 1.98193 0.856236
-2.42581 2.03549 0.862974
-2.48964 2.08906 0.869945
-2.55348 2.14263 0.877144
-2.61732 2.19619 0.884567
-2.68116 2.24976 0.89221
-2.74499 2.30332 0.900069
-2.80883 2.35689 0.908142
-2.87267 2.41045 0.916425
-2.9365 2.46402 0.924915
-3.00034 2.51758 0.933609
-3.06418 2.57115 0.942505
-3.12801 2.62472 0.951601
-3.19185 2.67828 0.960894
-3.25569 2.73185 0.970383
-3.31953 2.78541 0.980064
-3.38336 2.83898 0.989937
-3.4472 2.89254 1
-0 0 1
-0.069624 0.0457924 0.938339
-0.139248 0.0915848 0.902881
-0.208872 0.137377 0.878509
-0.278496 0.18317 0.860303
-0.34812 0.228962 0.846063
-0.417744 0.274754 0.834621
-0.487368 0.320547 0.825281
-0.556992 0.366339 0.817595
-0.626616 0.412132 0.81126
-0.69624 0.457924 0.806056
-0.765864 0.503717 0.801825
-0.835488 0.549509 0.798443
-0.905112 0.595301 0.795814
-0.974736 0.641094 0.793863
-1.04436 0.686886 0.792528
-1.11398 0.732679 0.791757
-1.18361 0.778471 0.791508
-1.25323 0.824263 0.791744
-1.32286 0.870056 0.792435
-1.39248 0.915848 0.793553
-1.4621 0.961641 0.795076
-1.53173 1.00743 0.796983
-1.60135 1.05323 0.799255
-1.67098 1.09902 0.801876
-1.7406 1.14481 0.804832
-1.81022 1.1906 0.808109
-1.87985 1.2364 0.811695
-1.94947 1.28219 0.815581
-2.0191 1.32798 0.819754
-2.08872 1.37377 0.824208
-2.15834 1.41956 0.828933
-2.22797 1.46536 0.833921
-2.29759 1.51115 0.839165
-2.36722 1.55694 0.84466
-2.43684 1.60273 0.850398
-2.50646 1.64853 0.856374
-2.57609 1.69432 0.862582
-2.64571 1.74011 0.869019
-2.71534 1.7859 0.875678
-2.78496 1.8317 0.882557
-2.85458 1.87749 0.88965
-2.92421 1.92328 0.896954
-2.99383 1.96907 0.904466
-3.06346 2.01487 0.912182
-3.13308 2.06066 0.9201
-3.2027 2.10645 0.928216
-3.27233 2.15224 0.936527
-3.34195 2.19804 0.945032
-3.41158 2.24383 0.953728
-3.4812 2.28962 0.962613
-3.55082 2.33541 0.971684
-3.62045 2.38121 0.98094
-3.69007 2.427 0.990379
-3.7597 2.47279 1
-0 0 1
-0.0744694 0.0373999 0.942278
-0.148939 0.0747999 0.908528
-0.223408 0.1122 0.885103
-0.297878 0.1496 0.867491
-0.372347 0.187 0.853653
-0.446816 0.2244 0.842493
-0.521286 0.2618 0.833356
-0.595755 0.299199 0.825817
-0.670224 0.336599 0.819586
-0.744694 0.373999 0.814455
-0.819163 0.411399 0.810268
-0.893633 0.448799 0.806908
-0.968102 0.486199 0.804283
-1.04257 0.523599 0.802318
-1.11704 0.560999 0.800954
-1.19151 0.598399 0.80014
-1.26598 0.635799 0.799835
-1.34045 0.673199 0.800003
-1.41492 0.710599 0.800615
-1.48939 0.747999 0.801644
-1.56386 0.785399 0.803066
-1.63833 0.822798 0.804862
-1.7128 0.860198 0.807014
-1.78727 0.897598 0.809505
-1.86173 0.934998 0.812322
-1.9362 0.972398 0.815451
-2.01067 1.0098 0.818881
-2.08514 1.0472 0.8226
-2.15961 1.0846 0.8266
-2.23408 1.122 0.830871
-2.30855 1.1594 0.835405
-2.38302 1.1968 0.840195
-2.45749 1.2342 0.845233
-2.53196 1.2716 0.850512
-2.60643 1.309 0.856028
-2.6809 1.3464 0.861773
-2.75537 1.3838 0.867744
-2.82984 1.4212 0.873935
-2.90431 1.4586 0.880341
-2.97878 1.496 0.886959
-3.05324 1.5334 0.893784
-3.12771 1.5708 0.900813
-3.20218 1.6082 0.908042
-3.27665 1.6456 0.915468
-3.35112 1.683 0.923089
-3.42559 1.7204 0.9309
-3.50006 1.7578 0.938901
-3.57453 1.7952 0.947087
-3.649 1.8326 0.955458
-3.72347 1.87 0.96401
-3.79794 1.9074 0.972742
-3.87241 1.9448 0.981652
-3.94688 1.9822 0.990739
-4.02135 2.0196 1
-0 0 1
-0.0783077 0.0285017 0.945272
-0.156615 0.0570034 0.91284
-0.234923 0.085505 0.890154
-0.313231 0.114007 0.87301
-0.391539 0.142508 0.85949
-0.469846 0.17101 0.848554
-0.548154 0.199512 0.839579
-0.626462 0.228013 0.832159
-0.704769 0.256515 0.826012
-0.783077 0.285017 0.820939
-0.861385 0.313518 0.81679
-0.939693 0.34202 0.81345
-1.018 0.370522 0.810829
-1.09631 0.399024 0.808855
-1.17462 0.427525 0.80747
-1.25292 0.456027 0.806624
-1.33123 0.484529 0.806277
-1.40954 0.51303 0.806393
-1.48785 0.541532 0.806944
-1.56615 0.570034 0.807904
-1.64446 0.598535 0.809248
-1.72277 0.627037 0.810959
-1.80108 0.655539 0.813018
-1.87939 0.68404 0.815409
-1.95769 0.712542 0.818119
-2.036 0.741044 0.821133
-2.11431 0.769545 0.824442
-2.19262 0.798047 0.828034
-2.27092 0.826549 0.831899
-2.34923 0.85505 0.836029
-2.42754 0.883552 0.840416
-2.50585 0.912054 0.845051
-2.58415 0.940555 0.849929
-2.66246 0.969057 0.855042
-2.74077 0.997559 0.860386
-2.81908 1.02606 0.865953
-2.89739 1.05456 0.871739
-2.97569 1.08306 0.87774
-3.054 1.11157 0.88395
-3.13231 1.14007 0.890366
-3.21062 1.16857 0.896984
-3.28892 1.19707 0.903799
-3.36723 1.22557 0.91081
-3.44554 1.25407 0.918012
-3.52385 1.28258 0.925402
-3.60216 1.31108 0.932978
-3.68046 1.33958 0.940738
-3.75877 1.36808 0.948678
-3.83708 1.39658 0.956796
-3.91539 1.42508 0.965092
-3.99369 1.45359 0.973561
-4.072 1.48209 0.982204
-4.15031 1.51059 0.991017
-4.22862 1.53909 1
-0 0 1
-0.0810871 0.019218 0.947375
-0.162174 0.038436 0.915879
-0.243261 0.057654 0.893722
-0.324348 0.076872 0.876914
-0.405435 0.0960899 0.863623
-0.486522 0.115308 0.85285
-0.56761 0.134526 0.843994
-0.648697 0.153744 0.836659
-0.729784 0.172962 0.830575
-0.810871 0.19218 0.825546
-0.891958 0.211398 0.821424
-0.973045 0.230616 0.8181
-1.05413 0.249834 0.815483
-1.13522 0.269052 0.813504
-1.21631 0.28827 0.812104
-1.29739 0.307488 0.811236
-1.37848 0.326706 0.810859
-1.45957 0.345924 0.810939
-1.54065 0.365142 0.811447
-1.62174 0.38436 0.812357
-1.70283 0.403578 0.813648
-1.78392 0.422796 0.815298
-1.865 0.442014 0.817291
-1.94609 0.461232 0.819611
-2.02718 0.48045 0.822244
-2.10826 0.499668 0.825177
-2.18935 0.518886 0.8284
-2.27044 0.538104 0.8319
-2.35153 0.557322 0.83567
-2.43261 0.57654 0.839699
-2.5137 0.595758 0.843981
-2.59479 0.614976 0.848507
-2.67587 0.634194 0.853271
-2.75696 0.653412 0.858266
-2.83805 0.67263 0.863487
-2.91913 0.691848 0.868927
-3.00022 0.711066 0.874583
-3.08131 0.730284 0.880448
-3.1624 0.749502 0.886519
-3.24348 0.76872 0.892791
-3.32457 0.787938 0.899261
-3.40566 0.807156 0.905925
-3.48674 0.826374 0.91278
-3.56783 0.845592 0.919822
-3.64892 0.86481 0.927048
-3.73001 0.884028 0.934457
-3.81109 0.903245 0.942045
-3.89218 0.922463 0.94981
-3.97327 0.941681 0.957749
-4.05435 0.960899 0.965861
-4.13544 0.980117 0.974144
-4.21653 0.999335 0.982596
-4.29761 1.01855 0.991215
-4.3787 1.03777 1
-0 0 1
-0.0827699 0.00967441 0.948623
-0.16554 0.0193488 0.917686
-0.24831 0.0290232 0.895846
-0.331079 0.0386976 0.879241
-0.413849 0.048372 0.866088
-0.496619 0.0580465 0.855415
-0.579389 0.0677209 0.84663
-0.662159 0.0773953 0.839348
-0.744929 0.0870697 0.833302
-0.827699 0.0967441 0.828299
-0.910468 0.106419 0.824195
-0.993238 0.116093 0.82088
-1.07601 0.125767 0.818266
-1.15878 0.135442 0.816284
-1.24155 0.145116 0.814876
-1.32432 0.154791 0.813995
-1.40709 0.164465 0.8136
-1.48986 0.174139 0.813659
-1.57263 0.183814 0.814142
-1.6554 0.193488 0.815023
-1.73817 0.203163 0.81628
-1.82094 0.212837 0.817894
-1.90371 0.222511 0.819848
-1.98648 0.232186 0.822125
-2.06925 0.24186 0.824713
-2.15202 0.251535 0.827598
-2.23479 0.261209 0.830768
-2.31756 0.270883 0.834215
-2.40033 0.280558 0.837927
-2.4831 0.290232 0.841896
-2.56587 0.299907 0.846115
-2.64864 0.309581 0.850576
-2.73141 0.319256 0.855272
-2.81418 0.32893 0.860196
-2.89695 0.338604 0.865343
-2.97972 0.348279 0.870708
-3.06248 0.357953 0.876284
-3.14525 0.367628 0.882069
-3.22802 0.377302 0.888056
-3.31079 0.386976 0.894242
-3.39356 0.396651 0.900624
-3.47633 0.406325 0.907197
-3.5591 0.416 0.913959
-3.64187 0.425674 0.920905
-3.72464 0.435348 0.928034
-3.80741 0.445023 0.935342
-3.89018 0.454697 0.942827
-3.97295 0.464372 0.950487
-4.05572 0.474046 0.958319
-4.13849 0.48372 0.966322
-4.22126 0.493395 0.974493
-4.30403 0.503069 0.982831
-4.3868 0.512744 0.991334
-4.46957 0.522418 1
-0 0 1
-0.0833333 1.02054e-17 0.949036
-0.166667 2.04108e-17 0.918285
-0.25 3.06162e-17 0.896551
-0.333333 4.08216e-17 0.880014
-0.416667 5.10269e-17 0.866908
-0.5 6.12323e-17 0.856267
-0.583333 7.14377e-17 0.847507
-0.666667 8.16431e-17 0.840242
-0.75 9.18485e-17 0.834209
-0.833333 1.02054e-16 0.829215
-0.916667 1.12259e-16 0.825117
-1 1.22465e-16 0.821805
-1.08333 1.3267e-16 0.819192
-1.16667 1.42875e-16 0.817209
-1.25 1.53081e-16 0.815798
-1.33333 1.63286e-16 0.814913
-1.41667 1.73492e-16 0.814513
-1.5 1.83697e-16 0.814564
-1.58333 1.93902e-16 0.815038
-1.66667 2.04108e-16 0.81591
-1.75 2.14313e-16 0.817156
-1.83333 2.24519e-16 0.818759
-1.91667 2.34724e-16 0.820699
-2 2.44929e-16 0.822962
-2.08333 2.55135e-16 0.825535
-2.16667 2.6534e-16 0.828403
-2.25 2.75546e-16 0.831557
-2.33333 2.85751e-16 0.834985
-2.41667 2.95956e-16 0.838678
-2.5 3.06162e-16 0.842628
-2.58333 3.16367e-16 0.846826
-2.66667 3.26572e-16 0.851265
-2.75 3.36778e-16 0.855938
-2.83333 3.46983e-16 0.860838
-2.91667 3.57189e-16 0.865961
-3 3.67394e-16 0.8713
-3.08333 3.77599e-16 0.876851
-3.16667 3.87805e-16 0.882608
-3.25 3.9801e-16 0.888568
-3.33333 4.08216e-16 0.894726
-3.41667 4.18421e-16 0.901078
-3.5 4.28626e-16 0.907621
-3.58333 4.38832e-16 0.914351
-3.66667 4.49037e-16 0.921266
-3.75 4.59243e-16 0.928362
-3.83333 4.69448e-16 0.935637
-3.91667 4.79653e-16 0.943088
-4 4.89859e-16 0.950713
-4.08333 5.00064e-16 0.958509
-4.16667 5.10269e-16 0.966475
-4.25 5.20475e-16 0.974609
-4.33333 5.3068e-16 0.982909
-4.41667 5.40886e-16 0.991373
-4.5 5.51091e-16 1
-0 -0 1
-0.0827699 -0.00967441 0.948623
-0.16554 -0.0193488 0.917686
-0.24831 -0.0290232 0.895846
-0.331079 -0.0386976 0.879241
-0.413849 -0.048372 0.866088
-0.496619 -0.0580465 0.855415
-0.579389 -0.0677209 0.84663
-0.662159 -0.0773953 0.839348
-0.744929 -0.0870697 0.833302
-0.827699 -0.0967441 0.828299
-0.910468 -0.106419 0.824195
-0.993238 -0.116093 0.82088
-1.07601 -0.125767 0.818266
-1.15878 -0.135442 0.816284
-1.24155 -0.145116 0.814876
-1.32432 -0.154791 0.813994
-1.40709 -0.164465 0.8136
-1.48986 -0.174139 0.813659
-1.57263 -0.183814 0.814142
-1.6554 -0.193488 0.815023
-1.73817 -0.203163 0.81628
-1.82094 -0.212837 0.817894
-1.90371 -0.222511 0.819848
-1.98648 -0.232186 0.822125
-2.06925 -0.24186 0.824713
-2.15202 -0.251535 0.827597
-2.23479 -0.261209 0.830768
-2.31756 -0.270883 0.834214
-2.40033 -0.280558 0.837927
-2.4831 -0.290232 0.841896
-2.56587 -0.299907 0.846115
-2.64864 -0.309581 0.850576
-2.73141 -0.319256 0.855272
-2.81418 -0.32893 0.860196
-2.89695 -0.338604 0.865343
-2.97972 -0.348279 0.870708
-3.06248 -0.357953 0.876284
-3.14525 -0.367628 0.882069
-3.22802 -0.377302 0.888056
-3.31079 -0.386976 0.894242
-3.39356 -0.396651 0.900624
-3.47633 -0.406325 0.907197
-3.5591 -0.416 0.913959
-3.64187 -0.425674 0.920905
-3.72464 -0.435348 0.928034
-3.80741 -0.445023 0.935342
-3.89018 -0.454697 0.942827
-3.97295 -0.464372 0.950487
-4.05572 -0.474046 0.958319
-4.13849 -0.48372 0.966322
-4.22126 -0.493395 0.974493
-4.30403 -0.503069 0.982831
-4.3868 -0.512744 0.991334
-4.46957 -0.522418 1
-0 -0 1
-0.0810871 -0.019218 0.947375
-0.162174 -0.038436 0.915879
-0.243261 -0.057654 0.893722
-0.324348 -0.076872 0.876914
-0.405435 -0.0960899 0.863623
-0.486522 -0.115308 0.85285
-0.56761 -0.134526 0.843994
-0.648697 -0.153744 0.836659
-0.729784 -0.172962 0.830575
-0.810871 -0.19218 0.825546
-0.891958 -0.211398 0.821424
-0.973045 -0.230616 0.8181
-1.05413 -0.249834 0.815483
-1.13522 -0.269052 0.813503
-1.21631 -0.28827 0.812104
-1.29739 -0.307488 0.811235
-1.37848 -0.326706 0.810859
-1.45957 -0.345924 0.810939
-1.54065 -0.365142 0.811447
-1.62174 -0.38436 0.812357
-1.70283 -0.403578 0.813647
-1.78392 -0.422796 0.815298
-1.865 -0.442014 0.817291
-1.94609 -0.461232 0.819611
-2.02718 -0.48045 0.822244
-2.10826 -0.499668 0.825177
-2.18935 -0.518886 0.8284
-2.27044 -0.538104 0.8319
-2.35153 -0.557322 0.83567
-2.43261 -0.57654 0.839699
-2.5137 -0.595758 0.843981
-2.59479 -0.614976 0.848507
-2.67587 -0.634194 0.853271
-2.75696 -0.653412 0.858266
-2.83805 -0.67263 0.863487
-2.91913 -0.691848 0.868927
-3.00022 -0.711066 0.874583
-3.08131 -0.730284 0.880448
-3.1624 -0.749502 0.886519
-3.24348 -0.76872 0.892791
-3.32457 -0.787938 0.899261
-3.40566 -0.807156 0.905925
-3.48674 -0.826374 0.91278
-3.56783 -0.845592 0.919822
-3.64892 -0.86481 0.927048
-3.73001 -0.884028 0.934457
-3.81109 -0.903245 0.942045
-3.89218 -0.922463 0.94981
-3.97327 -0.941681 0.957749
-4.05435 -0.960899 0.965861
-4.13544 -0.980117 0.974144
-4.21653 -0.999335 0.982596
-4.29761 -1.01855 0.991215
-4.3787 -1.03777 1
-0 -0 1
-0.0783077 -0.0285017 0.945272
-0.156615 -0.0570034 0.91284
-0.234923 -0.085505 0.890154
-0.313231 -0.114007 0.87301
-0.391539 -0.142508 0.85949
-0.469846 -0.17101 0.848554
-0.548154 -0.199512 0.839579
-0.626462 -0.228013 0.832159
-0.704769 -0.256515 0.826012
-0.783077 -0.285017 0.820939
-0.861385 -0.313518 0.81679
-0.939693 -0.34202 0.81345
-1.018 -0.370522 0.810829
-1.09631 -0.399024 0.808855
-1.17462 -0.427525 0.80747
-1.25292 -0.456027 0.806624
-1.33123 -0.484529 0.806277
-1.40954 -0.51303 0.806393
-1.48785 -0.541532 0.806944
-1.56615 -0.570034 0.807903
-1.64446 -0.598535 0.809248
-1.72277 -0.627037 0.810959
-1.80108 -0.655539 0.813018
-1.87939 -0.68404 0.815409
-1.95769 -0.712542 0.818119
-2.036 -0.741044 0.821133
-2.11431 -0.769545 0.824442
-2.19262 -0.798047 0.828034
-2.27092 -0.826549 0.831899
-2.34923 -0.85505 0.836029
-2.42754 -0.883552 0.840415
-2.50585 -0.912054 0.845051
-2.58415 -0.940555 0.849929
-2.66246 -0.969057 0.855042
-2.74077 -0.997559 0.860385
-2.81908 -1.02606 0.865953
-2.89739 -1.05456 0.871739
-2.97569 -1.08306 0.87774
-3.054 -1.11157 0.88395
-3.13231 -1.14007 0.890366
-3.21062 -1.16857 0.896984
-3.28892 -1.19707 0.903799
-3.36723 -1.22557 0.91081
-3.44554 -1.25407 0.918012
-3.52385 -1.28258 0.925402
-3.60216 -1.31108 0.932978
-3.68046 -1.33958 0.940738
-3.75877 -1.36808 0.948678
-3.83708 -1.39658 0.956796
-3.91539 -1.42508 0.965092
-3.99369 -1.45359 0.973561
-4.072 -1.48209 0.982204
-4.15031 -1.51059 0.991017
-4.22862 -1.53909 1
-0 -0 1
-0.0744694 -0.0373999 0.942278
-0.148939 -0.0747999 0.908528
-0.223408 -0.1122 0.885103
-0.297878 -0.1496 0.867491
-0.372347 -0.187 0.853653
-0.446816 -0.2244 0.842493
-0.521286 -0.2618 0.833356
-0.595755 -0.299199 0.825817
-0.670224 -0.336599 0.819586
-0.744694 -0.373999 0.814455
-0.819163 -0.411399 0.810268
-0.893633 -0.448799 0.806908
-0.968102 -0.486199 0.804283
-1.04257 -0.523599 0.802318
-1.11704 -0.560999 0.800954
-1.19151 -0.598399 0.80014
-1.26598 -0.635799 0.799835
-1.34045 -0.673199 0.800003
-1.41492 -0.710599 0.800615
-1.48939 -0.747999 0.801643
-1.56386 -0.785399 0.803066
-1.63833 -0.822798 0.804862
-1.7128 -0.860198 0.807013
-1.78727 -0.897598 0.809505
-1.86173 -0.934998 0.812322
-1.9362 -0.972398 0.815451
-2.01067 -1.0098 0.818881
-2.08514 -1.0472 0.8226
-2.15961 -1.0846 0.8266
-2.23408 -1.122 0.830871
-2.30855 -1.1594 0.835405
-2.38302 -1.1968 0.840195
-2.45749 -1.2342 0.845233
-2.53196 -1.2716 0.850512
-2.60643 -1.309 0.856028
-2.6809 -1.3464 0.861773
-2.75537 -1.3838 0.867744
-2.82984 -1.4212 0.873935
-2.90431 -1.4586 0.880341
-2.97878 -1.496 0.886959
-3.05324 -1.5334 0.893784
-3.12771 -1.5708 0.900813
-3.20218 -1.6082 0.908042
-3.27665 -1.6456 0.915468
-3.35112 -1.683 0.923089
-3.42559 -1.7204 0.9309
-3.50006 -1.7578 0.938901
-3.57453 -1.7952 0.947087
-3.649 -1.8326 0.955458
-3.72347 -1.87 0.96401
-3.79794 -1.9074 0.972742
-3.87241 -1.9448 0.981652
-3.94688 -1.9822 0.990739
-4.02135 -2.0196 1
-0 -0 1
-0.069624 -0.0457924 0.938339
-0.139248 -0.0915848 0.902881
-0.208872 -0.137377 0.878509
-0.278496 -0.18317 0.860303
-0.34812 -0.228962 0.846063
-0.417744 -0.274754 0.834621
-0.487368 -0.320547 0.825281
-0.556992 -0.366339 0.817595
-0.626616 -0.412132 0.811259
-0.69624 -0.457924 0.806056
-0.765864 -0.503717 0.801825
-0.835488 -0.549509 0.798443
-0.905112 -0.595301 0.795814
-0.974736 -0.641094 0.793863
-1.04436 -0.686886 0.792528
-1.11398 -0.732679 0.791757
-1.18361 -0.778471 0.791507
-1.25323 -0.824263 0.791744
-1.32286 -0.870056 0.792435
-1.39248 -0.915848 0.793553
-1.4621 -0.961641 0.795076
-1.53173 -1.00743 0.796983
-1.60135 -1.05323 0.799255
-1.67098 -1.09902 0.801876
-1.7406 -1.14481 0.804831
-1.81022 -1.1906 0.808109
-1.87985 -1.2364 0.811695
-1.94947 -1.28219 0.81558
-2.0191 -1.32798 0.819754
-2.08872 -1.37377 0.824208
-2.15834 -1.41956 0.828933
-2.22797 -1.46536 0.833921
-2.29759 -1.51115 0.839165
-2.36722 -1.55694 0.84466
-2.43684 -1.60273 0.850398
-2.50646 -1.64853 0.856374
-2.57609 -1.69432 0.862582
-2.64571 -1.74011 0.869019
-2.71534 -1.7859 0.875678
-2.78496 -1.8317 0.882557
-2.85458 -1.87749 0.88965
-2.92421 -1.92328 0.896954
-2.99383 -1.96907 0.904466
-3.06346 -2.01487 0.912182
-3.13308 -2.06066 0.9201
-3.2027 -2.10645 0.928216
-3.27233 -2.15224 0.936527
-3.34195 -2.19804 0.945032
-3.41158 -2.24383 0.953728
-3.4812 -2.28962 0.962613
-3.55082 -2.33541 0.971684
-3.62045 -2.38121 0.98094
-3.69007 -2.427 0.990379
-3.7597 -2.47279 1
-0 -0 1
-0.063837 -0.0535656 0.933388
-0.127674 -0.107131 0.895825
-0.191511 -0.160697 0.870299
-0.255348 -0.214263 0.851376
-0.319185 -0.267828 0.836656
-0.383022 -0.321394 0.824879
-0.446859 -0.374959 0.815299
-0.510696 -0.428525 0.807442
-0.574533 -0.482091 0.800985
-0.63837 -0.535656 0.7957
-0.702207 -0.589222 0.791419
-0.766044 -0.642788 0.788013
-0.829881 -0.696353 0.785385
-0.893719 -0.749919 0.783453
-0.957556 -0.803485 0.782156
-1.02139 -0.85705 0.78144
-1.08523 -0.910616 0.781261
-1.14907 -0.964181 0.781582
-1.2129 -1.01775 0.782372
-1.27674 -1.07131 0.783602
-1.34058 -1.12488 0.78525
-1.40441 -1.17844 0.787293
-1.46825 -1.23201 0.789713
-1.53209 -1.28558 0.792494
-1.59593 -1.33914 0.795621
-1.65976 -1.39271 0.799081
-1.7236 -1.44627 0.80286
-1.78744 -1.49984 0.806949
-1.85127 -1.5534 0.811337
-1.91511 -1.60697 0.816015
-1.97895 -1.66053 0.820974
-2.04279 -1.7141 0.826206
-2.10662 -1.76767 0.831705
-2.17046 -1.82123 0.837463
-2.2343 -1.8748 0.843475
-2.29813 -1.92836 0.849734
-2.36197 -1.98193 0.856236
-2.42581 -2.03549 0.862974
-2.48964 -2.08906 0.869945
-2.55348 -2.14263 0.877144
-2.61732 -2.19619 0.884567
-2.68116 -2.24976 0.89221
-2.74499 -2.30332 0.900069
-2.80883 -2.35689 0.908142
-2.87267 -2.41045 0.916425
-2.9365 -2.46402 0.924915
-3.00034 -2.51758 0.933609
-3.06418 -2.57115 0.942505
-3.12801 -2.62472 0.951601
-3.19185 -2.67828 0.960894
-3.25569 -2.73185 0.970383
-3.31953 -2.78541 0.980064
-3.38336 -2.83898 0.989937
-3.4472 -2.89254 1
-0 -0 1
-0.0571868 -0.0606145 0.927339
-0.114374 -0.121229 0.887262
-0.17156 -0.181843 0.860382
-0.228747 -0.242458 0.840627
-0.285934 -0.303072 0.825357
-0.343121 -0.363687 0.813198
-0.400308 -0.424301 0.803348
-0.457494 -0.484916 0.795299
-0.514681 -0.54553 0.788709
-0.571868 -0.606145 0.783335
-0.629055 -0.666759 0.779001
-0.686242 -0.727374 0.775574
-0.743428 -0.787988 0.77295
-0.800615 -0.848603 0.771047
-0.857802 -0.909217 0.769798
-0.914989 -0.969832 0.76915
-0.972176 -1.03045 0.769058
-1.02936 -1.09106 0.769482
-1.08655 -1.15167 0.77039
-1.14374 -1.21229 0.771755
-1.20092 -1.2729 0.773551
-1.25811 -1.33352 0.775758
-1.3153 -1.39413 0.778355
-1.37248 -1.45475 0.781327
-1.42967 -1.51536 0.784658
-1.48686 -1.57598 0.788334
-1.54404 -1.63659 0.792344
-1.60123 -1.69721 0.796675
-1.65842 -1.75782 0.801318
-1.7156 -1.81843 0.806262
-1.77279 -1.87905 0.8115
-1.82998 -1.93966 0.817024
-1.88716 -2.00028 0.822825
-1.94435 -2.06089 0.828898
-2.00154 -2.12151 0.835235
-2.05872 -2.18212 0.841831
-2.11591 -2.24274 0.848681
-2.1731 -2.30335 0.855779
-2.23029 -2.36396 0.86312
-2.28747 -2.42458 0.8707
-2.34466 -2.48519 0.878515
-2.40185 -2.54581 0.886561
-2.45903 -2.60642 0.894835
-2.51622 -2.66704 0.903332
-2.57341 -2.72765 0.912049
-2.63059 -2.78827 0.920985
-2.68778 -2.84888 0.930135
-2.74497 -2.90949 0.939497
-2.80215 -2.97011 0.949069
-2.85934 -3.03072 0.958849
-2.91653 -3.09134 0.968833
-2.97371 -3.15195 0.979021
-3.0309 -3.21257 0.989411
-3.08809 -3.27318 1
-0 -0 1
-0.0497632 -0.0668436 0.920086
-0.0995264 -0.133687 0.877078
-0.14929 -0.200531 0.84865
-0.199053 -0.267374 0.827958
-0.248816 -0.334218 0.812075
-0.298579 -0.401062 0.799497
-0.348343 -0.467905 0.789353
-0.398106 -0.534749 0.781098
-0.447869 -0.601592 0.774366
-0.497632 -0.668436 0.768901
-0.547395 -0.73528 0.764516
-0.597159 -0.802123 0.761072
-0.646922 -0.868967 0.75846
-0.696685 -0.93581 0.756595
-0.746448 -1.00265 0.755408
-0.796211 -1.0695 0.754843
-0.845975 -1.13634 0.754853
-0.895738 -1.20318 0.755399
-0.945501 -1.27003 0.756448
-0.995264 -1.33687 0.75797
-1.04503 -1.40372 0.75994
-1.09479 -1.47056 0.762338
-1.14455 -1.5374 0.765142
-1.19432 -1.60425 0.768336
-1.24408 -1.67109 0.771904
-1.29384 -1.73793 0.775833
-1.34361 -1.80478 0.78011
-1.39337 -1.87162 0.784723
-1.44313 -1.93846 0.789662
-1.4929 -2.00531 0.794917
-1.54266 -2.07215 0.800479
-1.59242 -2.139 0.80634
-1.64219 -2.20584 0.812493
-1.69195 -2.27268 0.818931
-1.74171 -2.33953 0.825647
-1.79148 -2.40637 0.832635
-1.84124 -2.47321 0.83989
-1.891 -2.54006 0.847406
-1.94077 -2.6069 0.855178
-1.99053 -2.67374 0.863202
-2.04029 -2.74059 0.871474
-2.09006 -2.80743 0.879989
-2.13982 -2.87427 0.888743
-2.18958 -2.94112 0.897734
-2.23934 -3.00796 0.906958
-2.28911 -3.07481 0.916411
-2.33887 -3.14165 0.926092
-2.38863 -3.20849 0.935996
-2.4384 -3.27534 0.946122
-2.48816 -3.34218 0.956468
-2.53792 -3.40902 0.96703
-2.58769 -3.47587 0.977808
-2.63745 -3.54271 0.988798
-2.68721 -3.60955 1
-0 -0 1
-0.0416667 -0.0721688 0.9115
-0.0833333 -0.144338 0.865137
-0.125 -0.216506 0.834978
-0.166667 -0.288675 0.813257
-0.208333 -0.360844 0.796711
-0.25 -0.433013 0.783685
-0.291667 -0.505181 0.773232
-0.333333 -0.57735 0.764764
-0.375 -0.649519 0.757888
-0.416667 -0.721688 0.752334
-0.458333 -0.793857 0.747904
-0.5 -0.866025 0.74445
-0.541667 -0.938194 0.74186
-0.583333 -1.01036 0.740045
-0.625 -1.08253 0.738934
-0.666667 -1.1547 0.738467
-0.708333 -1.22687 0.738599
-0.75 -1.29904 0.739287
-0.791667 -1.37121 0.740498
-0.833333 -1.44338 0.742201
-0.875 -1.51554 0.744372
-0.916667 -1.58771 0.746988
-0.958333 -1.65988 0.750029
-1 -1.73205 0.753477
-1.04167 -1.80422 0.757317
-1.08333 -1.87639 0.761534
-1.125 -1.94856 0.766116
-1.16667 -2.02073 0.771051
-1.20833 -2.09289 0.776328
-1.25 -2.16506 0.781937
-1.29167 -2.23723 0.78787
-1.33333 -2.3094 0.794118
-1.375 -2.38157 0.800673
-1.41667 -2.45374 0.807528
-1.45833 -2.52591 0.814677
-1.5 -2.59808 0.822113
-1.54167 -2.67024 0.829831
-1.58333 -2.74241 0.837825
-1.625 -2.81458 0.84609
-1.66667 -2.88675 0.854621
-1.70833 -2.95892 0.863415
-1.75 -3.03109 0.872466
-1.79167 -3.10326 0.881771
-1.83333 -3.17543 0.891327
-1.875 -3.2476 0.90113
-1.91667 -3.31976 0.911176
-1.95833 -3.39193 0.921464
-2 -3.4641 0.931989
-2.04167 -3.53627 0.942749
-2.08333 -3.60844 0.953743
-2.125 -3.68061 0.964967
-2.16667 -3.75278 0.976419
-2.20833 -3.82495 0.988097
-2.25 -3.89711 1
-0 -0 1
-0.0330066 -0.076518 0.901431
-0.0660133 -0.153036 0.851283
-0.0990199 -0.229554 0.819224
-0.132027 -0.306072 0.796399
-0.165033 -0.38259 0.779154
-0.19804 -0.459108 0.765665
-0.231047 -0.535626 0.754898
-0.264053 -0.612144 0.746217
-0.29706 -0.688662 0.739202
-0.330066 -0.76518 0.733566
-0.363073 -0.841698 0.729099
-0.39608 -0.918216 0.725648
-0.429086 -0.994734 0.723093
-0.462093 -1.07125 0.721342
-0.4951 -1.14777 0.720322
-0.528106 -1.22429 0.719972
-0.561113 -1.30081 0.720244
-0.59412 -1.37732 0.721095
-0.627126 -1.45384 0.72249
-0.660133 -1.53036 0.7244
-0.69314 -1.60688 0.726797
-0.726146 -1.6834 0.72966
-0.759153 -1.75991 0.732967
-0.79216 -1.83643 0.736702
-0.825166 -1.91295 0.740848
-0.858173 -1.98947 0.74539
-0.891179 -2.06599 0.750315
-0.924186 -2.1425 0.755613
-0.957193 -2.21902 0.76127
-0.990199 -2.29554 0.767279
-1.02321 -2.37206 0.773629
-1.05621 -2.44858 0.780312
-1.08922 -2.52509 0.78732
-1.12223 -2.60161 0.794646
-1.15523 -2.67813 0.802283
-1.18824 -2.75465 0.810224
-1.22125 -2.83117 0.818464
-1.25425 -2.90768 0.826998
-1.28726 -2.9842 0.835819
-1.32027 -3.06072 0.844924
-1.35327 -3.13724 0.854307
-1.38628 -3.21376 0.863964
-1.41929 -3.29027 0.873891
-1.45229 -3.36679 0.884085
-1.4853 -3.44331 0.894542
-1.51831 -3.51983 0.905259
-1.55131 -3.59635 0.916232
-1.58432 -3.67286 0.927459
-1.61733 -3.74938 0.938936
-1.65033 -3.8259 0.950662
-1.68334 -3.90242 0.962634
-1.71635 -3.97894 0.974848
-1.74935 -4.05545 0.987305
-1.78236 -4.13197 1
-0 -0 1
-0.0239003 -0.0798325 0.889701
-0.0478005 -0.159665 0.835335
-0.0717008 -0.239497 0.801229
-0.0956011 -0.31933 0.777246
-0.119501 -0.399162 0.759286
-0.143402 -0.478995 0.745332
-0.167302 -0.558827 0.734257
-0.191202 -0.63866 0.725373
-0.215102 -0.718492 0.718233
-0.239003 -0.798325 0.712528
-0.262903 -0.878157 0.708039
-0.286803 -0.95799 0.704604
-0.310704 -1.03782 0.7021
-0.334604 -1.11765 0.70043
-0.358504 -1.19749 0.699518
-0.382404 -1.27732 0.699304
-0.406305 -1.35715 0.699735
-0.430205 -1.43698 0.70077
-0.454105 -1.51682 0.702373
-0.478005 -1.59665 0.704512
-0.501906 -1.67648 0.707162
-0.525806 -1.75631 0.7103
-0.549706 -1.83615 0.713904
-0.573606 -1.91598 0.717957
-0.597507 -1.99581 0.722443
-0.621407 -2.07564 0.727346
-0.645307 -2.15548 0.732654
-0.669208 -2.23531 0.738354
-0.693108 -2.31514 0.744435
-0.717008 -2.39497 0.750888
-0.740908 -2.47481 0.757703
-0.764809 -2.55464 0.764871
-0.788709 -2.63447 0.772384
-0.812609 -2.7143 0.780234
-0.836509 -2.79414 0.788416
-0.86041 -2.87397 0.796921
-0.88431 -2.9538 0.805745
-0.90821 -3.03363 0.814881
-0.932111 -3.11347 0.824324
-0.956011 -3.1933 0.834069
-0.979911 -3.27313 0.844111
-1.00381 -3.35296 0.854446
-1.02771 -3.4328 0.865069
-1.05161 -3.51263 0.875978
-1.07551 -3.59246 0.887167
-1.09941 -3.67229 0.898633
-1.12331 -3.75213 0.910374
-1.14721 -3.83196 0.922386
-1.17111 -3.91179 0.934667
-1.19501 -3.99162 0.947212
-1.21891 -4.07146 0.960021
-1.24281 -4.15129 0.97309
-1.26671 -4.23112 0.986417
-1.29061 -4.31095 1
-0 -0 1
-0.0144707 -0.0820673 0.876098
-0.0289414 -0.164135 0.817093
-0.043412 -0.246202 0.780822
-0.0578827 -0.328269 0.755652
-0.0723534 -0.410337 0.736981
-0.0868241 -0.492404 0.722578
-0.101295 -0.574471 0.711215
-0.115765 -0.656539 0.70215
-0.130236 -0.738606 0.694904
-0.144707 -0.820673 0.68915
-0.159177 -0.90274 0.684658
-0.173648 -0.984808 0.681259
-0.188119 -1.06688 0.678823
-0.20259 -1.14894 0.677252
-0.21706 -1.23101 0.676468
-0.231531 -1.31308 0.676407
-0.246002 -1.39514 0.677018
-0.260472 -1.47721 0.678258
-0.274943 -1.55928 0.68009
-0.289414 -1.64135 0.682483
-0.303884 -1.72341 0.685412
-0.318355 -1.80548 0.688851
-0.332826 -1.88755 0.692781
-0.347296 -1.96962 0.697184
-0.361767 -2.05168 0.702042
-0.376238 -2.13375 0.707342
-0.390708 -2.21582 0.71307
-0.405179 -2.29788 0.719213
-0.41965 -2.37995 0.725761
-0.43412 -2.46202 0.732704
-0.448591 -2.54409 0.740031
-0.463062 -2.62615 0.747734
-0.477532 -2.70822 0.755804
-0.492003 -2.79029 0.764235
-0.506474 -2.87236 0.773018
-0.520945 -2.95442 0.782148
-0.535415 -3.03649 0.791617
-0.549886 -3.11856 0.801421
-0.564357 -3.20063 0.811553
-0.578827 -3.28269 0.822008
-0.593298 -3.36476 0.832781
-0.607769 -3.44683 0.843868
-0.622239 -3.52889 0.855264
-0.63671 -3.61096 0.866965
-0.651181 -3.69303 0.878968
-0.665651 -3.7751 0.891268
-0.680122 -3.85716 0.903862
-0.694593 -3.93923 0.916747
-0.709063 -4.0213 0.929919
-0.723534 -4.10337 0.943377
-0.738005 -4.18543 0.957116
-0.752475 -4.2675 0.971134
-0.766946 -4.34957 0.98543
-0.781417 -4.43163 1
-0 -0 1
-0.0048454 -0.0831923 0.860378
-0.0096908 -0.166385 0.79633
-0.0145362 -0.249577 0.757814
-0.0193816 -0.332769 0.731464
-0.024227 -0.415962 0.712111
-0.0290724 -0.499154 0.697296
-0.0339178 -0.582346 0.68568
-0.0387632 -0.665539 0.676467
-0.0436086 -0.748731 0.669144
-0.048454 -0.831923 0.663368
-0.0532994 -0.915116 0.658897
-0.0581448 -0.998308 0.655555
-0.0629902 -1.0815 0.653208
-0.0678356 -1.16469 0.651756
-0.072681 -1.24789 0.651118
-0.0775264 -1.33108 0.65123
-0.0823718 -1.41427 0.652039
-0.0872172 -1.49746 0.653504
-0.0920626 -1.58065 0.655586
-0.096908 -1.66385 0.658255
-0.101753 -1.74704 0.661485
-0.106599 -1.83023 0.665252
-0.111444 -1.91342 0.669535
-0.11629 -1.99662 0.674316
-0.121135 -2.07981 0.679579
-0.12598 -2.163 0.68531
-0.130826 -2.24619 0.691494
-0.135671 -2.32939 0.69812
-0.140517 -2.41258 0.705176
-0.145362 -2.49577 0.712653
-0.150207 -2.57896 0.720539
-0.155053 -2.66216 0.728827
-0.159898 -2.74535 0.737508
-0.164744 -2.82854 0.746575
-0.169589 -2.91173 0.756019
-0.174434 -2.99492 0.765834
-0.17928 -3.07812 0.776013
-0.184125 -3.16131 0.786551
-0.188971 -3.2445 0.797442
-0.193816 -3.32769 0.808679
-0.198661 -3.41089 0.820259
-0.203507 -3.49408 0.832175
-0.208352 -3.57727 0.844424
-0.213198 -3.66046 0.857001
-0.218043 -3.74366 0.869902
-0.222889 -3.82685 0.883123
-0.227734 -3.91004 0.89666
-0.232579 -3.99323 0.910509
-0.237425 -4.07642 0.924668
-0.24227 -4.15962 0.939134
-0.247116 -4.24281 0.953902
-0.251961 -4.326 0.968971
-0.256806 -4.40919 0.984338
-0.261652 -4.49239 1
0 -0 1
0.0048454 -0.0831923 0.842256
0.0096908 -0.166385 0.772796
0.0145362 -0.249577 0.732006
0.0193816 -0.332769 0.704522
0.024227 -0.415962 0.684549
0.0290724 -0.499154 0.66938
0.0339178 -0.582346 0.657564
0.0387632 -0.665539 0.648247
0.0436086 -0.748731 0.640888
0.048454 -0.831923 0.635123
0.0532994 -0.915116 0.630702
0.0581448 -0.998308 0.627442
0.0629902 -1.0815 0.625207
0.0678356 -1.16469 0.623893
0.072681 -1.24789 0.62342
0.0775264 -1.33108 0.623722
0.0823718 -1.41427 0.624748
0.0872172 -1.49746 0.626454
0.0920626 -1.58065 0.628804
0.096908 -1.66385 0.631768
0.101753 -1.74704 0.63532
0.106599 -1.83023 0.639435
0.111444 -1.91342 0.644095
0.11629 -1.99662 0.649282
0.121135 -2.07981 0.654978
0.12598 -2.163 0.66117
0.130826 -2.24619 0.667845
0.135671 -2.32939 0.67499
0.140517 -2.41258 0.682595
0.145362 -2.49577 0.690648
0.150207 -2.57896 0.69914
0.155053 -2.66216 0.708063
0.159898 -2.74535 0.717407
0.164744 -2.82854 0.727165
0.169589 -2.91173 0.737329
0.174434 -2.99492 0.747892
0.17928 -3.07812 0.758848
0.184125 -3.16131 0.770189
0.188971 -3.2445 0.78191
0.193816 -3.32769 0.794005
0.198661 -3.41089 0.806469
0.203507 -3.49408 0.819297
0.208352 -3.57727 0.832483
0.213198 -3.66046 0.846022
0.218043 -3.74366 0.859911
0.222889 -3.82685 0.874146
0.227734 -3.91004 0.888721
0.232579 -3.99323 0.903634
0.237425 -4.07642 0.91888
0.24227 -4.15962 0.934456
0.247116 -4.24281 0.95036
0.251961 -4.326 0.966587
0.256806 -4.40919 0.983134
0.261652 -4.49239 1
0 -0 1
0.0144707 -0.0820673 0.821401
0.0289414 -0.164135 0.746217
0.043412 -0.246202 0.70319
0.0578827 -0.328269 0.674668
0.0723534 -0.410337 0.654171
0.0868241 -0.492404 0.638732
0.101295 -0.574471 0.626788
0.115765 -0.656539 0.617428
0.130236 -0.738606 0.61008
0.144707 -0.820673 0.604368
0.159177 -0.90274 0.60003
0.173648 -0.984808 0.59688
0.188119 -1.06688 0.59478
0.20259 -1.14894 0.593624
0.21706 -1.23101 0.593332
0.231531 -1.31308 0.593839
0.246002 -1.39514 0.595095
0.260472 -1.47721 0.597056
0.274943 -1.55928 0.599688
0.289414 -1.64135 0.602961
0.303884 -1.72341 0.606849
0.318355 -1.80548 0.61133
0.332826 -1.88755 0.616385
0.347296 -1.96962 0.621997
0.361767 -2.05168 0.62815
0.376238 -2.13375 0.634831
0.390708 -2.21582 0.642025
0.405179 -2.29788 0.649722
0.41965 -2.37995 0.657911
0.43412 -2.46202 0.666582
0.448591 -2.54409 0.675723
0.463062 -2.62615 0.685328
0.477532 -2.70822 0.695387
0.492003 -2.79029 0.705892
0.506474 -2.87236 0.716836
0.520945 -2.95442 0.72821
0.535415 -3.03649 0.740009
0.549886 -3.11856 0.752225
0.564357 -3.20063 0.764852
0.578827 -3.28269 0.777884
0.593298 -3.36476 0.791315
0.607769 -3.44683 0.805139
0.622239 -3.52889 0.819352
0.63671 -3.61096 0.833947
0.651181 -3.69303 0.848921
0.665651 -3.7751 0.864269
0.680122 -3.85716 0.879985
0.694593 -3.93923 0.896066
0.709063 -4.0213 0.912508
0.723534 -4.10337 0.929307
0.738005 -4.18543 0.946459
0.752475 -4.2675 0.963961
0.766946 -4.34957 0.981809
0.781417 -4.43163 1
0 -0 1
0.0239003 -0.0798325 0.797429
0.0478005 -0.159665 0.716295
0.0717008 -0.239497 0.671154
0.0956011 -0.31933 0.641748
0.119501 -0.399162 0.620864
0.143402 -0.478995 0.605269
0.167302 -0.558827 0.593288
0.191202 -0.63866 0.583958
0.215102 -0.718492 0.576681
0.239003 -0.798325 0.571069
0.262903 -0.878157 0.566852
0.286803 -0.95799 0.563842
0.310704 -1.03782 0.561899
0.334604 -1.11765 0.560919
0.358504 -1.19749 0.560822
0.382404 -1.27732 0.561545
0.406305 -1.35715 0.563039
0.430205 -1.43698 0.565262
0.454105 -1.51682 0.568181
0.478005 -1.59665 0.571769
0.501906 -1.67648 0.576001
0.525806 -1.75631 0.580856
0.549706 -1.83615 0.586317
0.573606 -1.91598 0.592367
0.597507 -1.99581 0.598992
0.621407 -2.07564 0.606179
0.645307 -2.15548 0.613916
0.669208 -2.23531 0.622191
0.693108 -2.31514 0.630995
0.717008 -2.39497 0.640317
0.740908 -2.47481 0.650148
0.764809 -2.55464 0.660479
0.788709 -2.63447 0.671301
0.812609 -2.7143 0.682607
0.836509 -2.79414 0.694389
0.86041 -2.87397 0.706638
0.88431 -2.9538 0.719349
0.90821 -3.03363 0.732513
0.932111 -3.11347 0.746124
0.956011 -3.1933 0.760176
0.979911 -3.27313 0.774661
1.00381 -3.35296 0.789575
1.02771 -3.4328 0.804911
1.05161 -3.51263 0.820664
1.07551 -3.59246 0.836828
1.09941 -3.67229 0.853397
1.12331 -3.75213 0.870367
1.14721 -3.83196 0.887734
1.17111 -3.91179 0.905491
1.19501 -3.99162 0.923636
1.21891 -4.07146 0.942163
1.24281 -4.15129 0.961069
1.26671 -4.23112 0.980349
1.29061 -4.31095 1
0 -0 1
0.0330066 -0.076518 0.769891
0.0660133 -0.153036 0.682715
0.0990199 -0.229554 0.635686
0.132027 -0.306072 0.605621
0.165033 -0.38259 0.584531
0.19804 -0.459108 0.568924
0.231047 -0.535626 0.55702
0.264053 -0.612144 0.547808
0.29706 -0.688662 0.540672
0.330066 -0.76518 0.535212
0.363073 -0.841698 0.531156
0.39608 -0.918216 0.528316
0.429086 -0.994734 0.526552
0.462093 -1.07125 0.525762
0.4951 -1.14777 0.525868
0.528106 -1.22429 0.526811
0.561113 -1.30081 0.528543
0.59412 -1.37732 0.531026
0.627126 -1.45384 0.534229
0.660133 -1.53036 0.538127
0.69314 -1.60688 0.542698
0.726146 -1.6834 0.547924
0.759153 -1.75991 0.553788
0.79216 -1.83643 0.560277
0.825166 -1.91295 0.567378
0.858173 -1.98947 0.575079
0.891179 -2.06599 0.583369
0.924186 -2.1425 0.592238
0.957193 -2.21902 0.601677
0.990199 -2.29554 0.611677
1.02321 -2.37206 0.622228
1.05621 -2.44858 0.633323
1.08922 -2.52509 0.644953
1.12223 -2.60161 0.657109
1.15523 -2.67813 0.669786
1.18824 -2.75465 0.682973
1.22125 -2.83117 0.696664
1.25425 -2.90768 0.710852
1.28726 -2.9842 0.72553
1.32027 -3.06072 0.740689
1.35327 -3.13724 0.756324
1.38628 -3.21376 0.772427
1.41929 -3.29027 0.788993
1.45229 -3.36679 0.806014
1.4853 -3.44331 0.823484
1.51831 -3.51983 0.841397
1.55131 -3.59635 0.859748
1.58432 -3.67286 0.878531
1.61733 -3.74938 0.89774
1.65033 -3.8259 0.91737
1.68334 -3.90242 0.937415
1.71635 -3.97894 0.957872
1.74935 -4.05545 0.978735
1.78236 -4.13197 1
0 -0 1
0.0416667 -0.0721688 0.738271
0.0833333 -0.144338 0.645143
0.125 -0.216506 0.596586
0.166667 -0.288675 0.566163
0.208333 -0.360844 0.545101
0.25 -0.433013 0.529657
0.291667 -0.505181 0.517963
0.333333 -0.57735 0.508972
0.375 -0.649519 0.502055
0.416667 -0.721688 0.496806
0.458333 -0.793857 0.492955
0.5 -0.866025 0.490314
0.541667 -0.938194 0.488746
0.583333 -1.01036 0.488155
0.625 -1.08253 0.488466
0.666667 -1.1547 0.489622
0.708333 -1.22687 0.491582
0.75 -1.29904 0.494309
0.791667 -1.37121 0.497779
0.833333 -1.44338 0.501967
0.875 -1.51554 0.506857
0.916667 -1.58771 0.512433
0.958333 -1.65988 0.518682
1 -1.73205 0.525592
1.04167 -1.80422 0.533154
1.08333 -1.87639 0.541358
1.125 -1.94856 0.550196
1.16667 -2.02073 0.559658
1.20833 -2.09289 0.569738
1.25 -2.16506 0.580427
1.29167 -2.23723 0.591718
1.33333 -2.3094 0.603603
1.375 -2.38157 0.616074
1.41667 -2.45374 0.629125
1.45833 -2.52591 0.642746
1.5 -2.59808 0.656931
1.54167 -2.67024 0.671671
1.58333 -2.74241 0.68696
1.625 -2.81458 0.702789
1.66667 -2.88675 0.71915
1.70833 -2.95892 0.736036
1.75 -3.03109 0.75344
1.79167 -3.10326 0.771353
1.83333 -3.17543 0.789768
1.875 -3.2476 0.808678
1.91667 -3.31976 0.828075
1.95833 -3.39193 0.847953
2 -3.4641 0.868305
2.04167 -3.53627 0.889123
2.08333 -3.60844 0.910402
2.125 -3.68061 0.932136
2.16667 -3.75278 0.954317
2.20833 -3.82495 0.97694
2.25 -3.89711 1
0 -0 1
0.0497632 -0.0668436 0.701966
0.0995264 -0.133687 0.60324
0.14929 -0.200531 0.553673
0.199053 -0.267374 0.523284
0.248816 -0.334218 0.502532
0.298579 -0.401062 0.487461
0.348343 -0.467905 0.476131
0.398106 -0.534749 0.467478
0.447869 -0.601592 0.460865
0.497632 -0.668436 0.45589
0.547395 -0.73528 0.452287
0.597159 -0.802123 0.449871
0.646922 -0.868967 0.448514
0.696685 -0.93581 0.448123
0.746448 -1.00265 0.448629
0.796211 -1.0695 0.449981
0.845975 -1.13634 0.452143
0.895738 -1.20318 0.455084
0.945501 -1.27003 0.458782
0.995264 -1.33687 0.463221
1.04503 -1.40372 0.468387
1.09479 -1.47056 0.474269
1.14455 -1.5374 0.480859
1.19432 -1.60425 0.488148
1.24408 -1.67109 0.496131
1.29384 -1.73793 0.504802
1.34361 -1.80478 0.514155
1.39337 -1.87162 0.524185
1.44313 -1.93846 0.534887
1.4929 -2.00531 0.546254
1.54266 -2.07215 0.558282
1.59242 -2.139 0.570965
1.64219 -2.20584 0.584295
1.69195 -2.27268 0.598268
1.74171 -2.33953 0.612874
1.79148 -2.40637 0.628108
1.84124 -2.47321 0.643961
1.891 -2.54006 0.660426
1.94077 -2.6069 0.677494
1.99053 -2.67374 0.695157
2.04029 -2.74059 0.713407
2.09006 -2.80743 0.732234
2.13982 -2.87427 0.751629
2.18958 -2.94112 0.771584
2.23934 -3.00796 0.79209
2.28911 -3.07481 0.813138
2.33887 -3.14165 0.834719
2.38863 -3.20849 0.856824
2.4384 -3.27534 0.879445
2.48816 -3.34218 0.902574
2.53792 -3.40902 0.926201
2.58769 -3.47587 0.95032
2.63745 -3.54271 0.974922
2.68721 -3.60955 1
0 -0 1
0.0571868 -0.0606145 0.660276
0.114374 -0.121229 0.556666
0.17156 -0.181843 0.506799
0.228747 -0.242458 0.476933
0.285934 -0.303072 0.456828
0.343121 -0.363687 0.442367
0.400308 -0.424301 0.431577
0.457494 -0.484916 0.423388
0.514681 -0.54553 0.417172
0.571868 -0.606145 0.412536
0.629055 -0.666759 0.409222
0.686242 -0.727374 0.407055
0.743428 -0.787988 0.405914
0.800615 -0.848603 0.405715
0.857802 -0.909217 0.406395
0.914989 -0.969832 0.407911
0.972176 -1.03045 0.410231
1.02936 -1.09106 0.413333
1.08655 -1.15167 0.417201
1.14374 -1.21229 0.421824
1.20092 -1.2729 0.427194
1.25811 -1.33352 0.433307
1.3153 -1.39413 0.44016
1.37248 -1.45475 0.44775
1.42967 -1.51536 0.456077
1.48686 -1.57598 0.46514
1.54404 -1.63659 0.474938
1.60123 -1.69721 0.485471
1.65842 -1.75782 0.496737
1.7156 -1.81843 0.508735
1.77279 -1.87905 0.521463
1.82998 -1.93966 0.534918
1.88716 -2.00028 0.549096
1.94435 -2.06089 0.563992
2.00154 -2.12151 0.579601
2.05872 -2.18212 0.595918
2.11591 -2.24274 0.612935
2.1731 -2.30335 0.630645
2.23029 -2.36396 0.649039
2.28747 -2.42458 0.668108
2.34466 -2.48519 0.687843
2.40185 -2.54581 0.708233
2.45903 -2.60642 0.729268
2.51622 -2.66704 0.750938
2.57341 -2.72765 0.77323
2.63059 -2.78827 0.796133
2.68778 -2.84888 0.819637
2.74497 -2.90949 0.843729
2.80215 -2.97011 0.868397
2.85934 -3.03072 0.893631
2.91653 -3.09134 0.919419
2.97371 -3.15195 0.945751
3.0309 -3.21257 0.972614
3.08809 -3.27318 1
0 -0 1
0.063837 -0.0535656 0.61239
0.127674 -0.107131 0.505105
0.191511 -0.160697 0.455868
0.255348 -0.214263 0.427114
0.319185 -0.267828 0.408043
0.383022 -0.321394 0.394459
0.446859 -0.374959 0.384397
0.510696 -0.428525 0.376807
0.574533 -0.482091 0.371084
0.63837 -0.535656 0.366852
0.702207 -0.589222 0.363867
0.766044 -0.642788 0.361966
0.829881 -0.696353 0.361041
0.893719 -0.749919 0.361013
0.957556 -0.803485 0.361832
1.02139 -0.85705 0.36346
1.08523 -0.910616 0.365875
1.14907 -0.964181 0.369061
1.2129 -1.01775 0.373009
1.27674 -1.07131 0.377716
1.34058 -1.12488 0.383182
1.40441 -1.17844 0.38941
1.46825 -1.23201 0.396403
1.53209 -1.28558 0.404168
1.59593 -1.33914 0.41271
1.65976 -1.39271 0.422035
1.7236 -1.44627 0.432152
1.78744 -1.49984 0.443065
1.85127 -1.5534 0.45478
1.91511 -1.60697 0.467302
1.97895 -1.66053 0.480634
2.04279 -1.7141 0.49478
2.10662 -1.76767 0.50974
2.17046 -1.82123 0.525515
2.2343 -1.8748 0.542102
2.29813 -1.92836 0.559499
2.36197 -1.98193 0.577701
2.42581 -2.03549 0.596703
2.48964 -2.08906 0.616497
2.55348 -2.14263 0.637073
2.61732 -2.19619 0.658423
2.68116 -2.24976 0.680534
2.74499 -2.30332 0.703394
2.80883 -2.35689 0.726989
2.87267 -2.41045 0.751306
2.9365 -2.46402 0.776328
3.00034 -2.51758 0.802041
3.06418 -2.57115 0.828429
3.12801 -2.62472 0.855474
3.19185 -2.67828 0.883161
3.25569 -2.73185 0.911473
3.31953 -2.78541 0.940394
3.38336 -2.83898 0.969908
3.4472 -2.89254 1
0 -0 1
0.069624 -0.0457924 0.557357
0.139248 -0.0915848 0.44828
0.208872 -0.137377 0.400858
0.278496 -0.18317 0.373902
0.34812 -0.228962 0.356295
0.417744 -0.274754 0.343875
0.487368 -0.320547 0.334738
0.556992 -0.366339 0.327888
0.626616 -0.412132 0.322755
0.69624 -0.457924 0.318989
0.765864 -0.503717 0.316368
0.835488 -0.549509 0.314746
0.905112 -0.595301 0.314025
0.974736 -0.641094 0.314139
1.04436 -0.686886 0.315045
1.11398 -0.732679 0.316717
1.18361 -0.778471 0.319139
1.25323 -0.824263 0.322303
1.32286 -0.870056 0.32621
1.39248 -0.915848 0.330864
1.4621 -0.961641 0.336273
1.53173 -1.00743 0.342448
1.60135 -1.05323 0.349402
1.67098 -1.09902 0.35715
1.7406 -1.14481 0.365707
1.81022 -1.1906 0.375091
1.87985 -1.2364 0.385316
1.94947 -1.28219 0.396399
2.0191 -1.32798 0.408356
2.08872 -1.37377 0.421202
2.15834 -1.41956 0.434949
2.22797 -1.46536 0.44961
2.29759 -1.51115 0.465194
2.36722 -1.55694 0.481712
2.43684 -1.60273 0.499168
2.50646 -1.64853 0.517567
2.57609 -1.69432 0.53691
2.64571 -1.74011 0.557197
2.71534 -1.7859 0.578424
2.78496 -1.8317 0.600584
2.85458 -1.87749 0.623669
2.92421 -1.92328 0.647668
2.99383 -1.96907 0.672566
3.06346 -2.01487 0.698348
3.13308 -2.06066 0.724995
3.2027 -2.10645 0.752486
3.27233 -2.15224 0.780801
3.34195 -2.19804 0.809916
3.41158 -2.24383 0.839806
3.4812 -2.28962 0.870446
3.55082 -2.33541 0.901811
3.62045 -2.38121 0.933876
3.69007 -2.427 0.966614
3.7597 -2.47279 1
0 -0 1
0.0744694 -0.0373999 0.494074
0.148939 -0.0747999 0.385998
0.223408 -0.1122 0.341843
0.297878 -0.1496 0.317459
0.372347 -0.187 0.301775
0.446816 -0.2244 0.290815
0.521286 -0.2618 0.282805
0.595755 -0.299199 0.276833
0.670224 -0.336599 0.272382
0.744694 -0.373999 0.269142
0.819163 -0.411399 0.266916
0.893633 -0.448799 0.265577
0.968102 -0.486199 0.26504
1.04257 -0.523599 0.265254
1.11704 -0.560999 0.266185
1.19151 -0.598399 0.267813
1.26598 -0.635799 0.270133
1.34045 -0.673199 0.273144
1.41492 -0.710599 0.276853
1.48939 -0.747999 0.281274
1.56386 -0.785399 0.286423
1.63833 -0.822798 0.29232
1.7128 -0.860198 0.298987
1.78727 -0.897598 0.306449
1.86173 -0.934998 0.314733
1.9362 -0.972398 0.323866
2.01067 -1.0098 0.333878
2.08514 -1.0472 0.344798
2.15961 -1.0846 0.356656
2.23408 -1.122 0.369479
2.30855 -1.1594 0.383298
2.38302 -1.1968 0.398139
2.45749 -1.2342 0.414028
2.53196 -1.2716 0.43099
2.60643 -1.309 0.449045
2.6809 -1.3464 0.468212
2.75537 -1.3838 0.488507
2.82984 -1.4212 0.509942
2.90431 -1.4586 0.532524
2.97878 -1.496 0.556256
3.05324 -1.5334 0.581138
3.12771 -1.5708 0.607162
3.20218 -1.6082 0.634319
3.27665 -1.6456 0.662591
3.35112 -1.683 0.691958
3.42559 -1.7204 0.722393
3.50006 -1.7578 0.753866
3.57453 -1.7952 0.786344
3.649 -1.8326 0.819787
3.72347 -1.87 0.854155
3.79794 -1.9074 0.889405
3.87241 -1.9448 0.925493
3.94688 -1.9822 0.962373
4.02135 -2.0196 1
0 -0 1
0.0783077 -0.0285017 0.421249
0.156615 -0.0570034 0.318194
0.234923 -0.085505 0.279027
0.313231 -0.114007 0.258047
0.391539 -0.142508 0.244754
0.469846 -0.17101 0.235546
0.548154 -0.199512 0.228856
0.626462 -0.228013 0.223893
0.704769 -0.256515 0.220213
0.783077 -0.285017 0.217552
0.861385 -0.313518 0.215745
0.939693 -0.34202 0.214687
1.018 -0.370522 0.21431
1.09631 -0.399024 0.214573
1.17462 -0.427525 0.215453
1.25292 -0.456027 0.216938
1.33123 -0.484529 0.219028
1.40954 -0.51303 0.221731
1.48785 -0.541532 0.225058
1.56615 -0.570034 0.22903
1.64446 -0.598535 0.233669
1.72277 -0.627037 0.239003
1.80108 -0.655539 0.245062
1.87939 -0.68404 0.251881
1.95769 -0.712542 0.259498
2.036 -0.741044 0.267951
2.11431 -0.769545 0.277284
2.19262 -0.798047 0.287541
2.27092 -0.826549 0.298769
2.34923 -0.85505 0.311014
2.42754 -0.883552 0.324328
2.50585 -0.912054 0.338758
2.58415 -0.940555 0.354356
2.66246 -0.969057 0.371171
2.74077 -0.997559 0.389251
2.81908 -1.02606 0.408644
2.89739 -1.05456 0.429392
2.97569 -1.08306 0.451536
3.054 -1.11157 0.475112
3.13231 -1.14007 0.50015
3.21062 -1.16857 0.526674
3.28892 -1.19707 0.554698
3.36723 -1.22557 0.58423
3.44554 -1.25407 0.615267
3.52385 -1.28258 0.647795
3.60216 -1.31108 0.681791
3.68046 -1.33958 0.717217
3.75877 -1.36808 0.754027
3.83708 -1.39658 0.792161
3.91539 -1.42508 0.831551
3.99369 -1.45359 0.872118
4.072 -1.48209 0.913776
4.15031 -1.51059 0.956434
4.22862 -1.53909 1
0 -0 1
0.0810871 -0.019218 0.337368
0.162174 -0.038436 0.245004
0.243261 -0.057654 0.212774
0.324348 -0.076872 0.196041
0.405435 -0.0960899 0.185588
0.486522 -0.115308 0.178403
0.56761 -0.134526 0.17321
0.648697 -0.153744 0.169373
0.729784 -0.172962 0.16654
0.810871 -0.19218 0.164503
0.891958 -0.211398 0.163133
0.973045 -0.230616 0.16235
1.05413 -0.249834 0.162103
1.13522 -0.269052 0.162363
1.21631 -0.28827 0.163113
1.29739 -0.307488 0.16435
1.37848 -0.326706 0.166077
1.45957 -0.345924 0.168304
1.54065 -0.365142 0.171047
1.62174 -0.38436 0.174329
1.70283 -0.403578 0.178175
1.78392 -0.422796 0.182617
1.865 -0.442014 0.187689
1.94609 -0.461232 0.19343
2.02718 -0.48045 0.199885
2.10826 -0.499668 0.207102
2.18935 -0.518886 0.215133
2.27044 -0.538104 0.224036
2.35153 -0.557322 0.233872
2.43261 -0.57654 0.244709
2.5137 -0.595758 0.256616
2.59479 -0.614976 0.269671
2.67587 -0.634194 0.283954
2.75696 -0.653412 0.299549
2.83805 -0.67263 0.316545
2.91913 -0.691848 0.335033
3.00022 -0.711066 0.355107
3.08131 -0.730284 0.376862
3.1624 -0.749502 0.400394
3.24348 -0.76872 0.425794
3.32457 -0.787938 0.453152
3.40566 -0.807156 0.482551
3.48674 -0.826374 0.514061
3.56783 -0.845592 0.547745
3.64892 -0.86481 0.583643
3.73001 -0.884028 0.621777
3.81109 -0.903245 0.662146
3.89218 -0.922463 0.704714
3.97327 -0.941681 0.749417
4.05435 -0.960899 0.796151
4.13544 -0.980117 0.844774
4.21653 -0.999335 0.895105
4.29761 -1.01855 0.946928
4.3787 -1.03777 1
0 -0 1
0.0827699 -0.00967441 0.240655
0.16554 -0.0193488 0.16687
0.24831 -0.0290232 0.143638
0.331079 -0.0386976 0.131939
0.413849 -0.048372 0.124719
0.496619 -0.0580465 0.119787
0.579389 -0.0677209 0.116237
0.662159 -0.0773953 0.113621
0.744929 -0.0870697 0.111696
0.827699 -0.0967441 0.110318
0.910468 -0.106419 0.109399
0.993238 -0.116093 0.108883
1.07601 -0.125767 0.108738
1.15878 -0.135442 0.108944
1.24155 -0.145116 0.109493
1.32432 -0.154791 0.110383
1.40709 -0.164465 0.111619
1.48986 -0.174139 0.113212
1.57263 -0.183814 0.115176
1.6554 -0.193488 0.117531
1.73817 -0.203163 0.1203
1.82094 -0.212837 0.12351
1.90371 -0.222511 0.127194
1.98648 -0.232186 0.131387
2.06925 -0.24186 0.13613
2.15202 -0.251535 0.141471
2.23479 -0.261209 0.147461
2.31756 -0.270883 0.154159
2.40033 -0.280558 0.161631
2.4831 -0.290232 0.169949
2.56587 -0.299907 0.179197
2.64864 -0.309581 0.189465
2.73141 -0.319256 0.200855
2.81418 -0.32893 0.213482
2.89695 -0.338604 0.227471
2.97972 -0.348279 0.242963
3.06248 -0.357953 0.260112
3.14525 -0.367628 0.279088
3.22802 -0.377302 0.300078
3.31079 -0.386976 0.323284
3.39356 -0.396651 0.348926
3.47633 -0.406325 0.377238
3.5591 -0.416 0.408465
3.64187 -0.425674 0.442863
3.72464 -0.435348 0.480691
3.80741 -0.445023 0.5222
3.89018 -0.454697 0.567626
3.97295 -0.464372 0.617168
4.05572 -0.474046 0.670967
4.13849 -0.48372 0.729078
4.22126 -0.493395 0.791426
4.30403 -0.503069 0.857754
4.3868 -0.512744 0.927558
4.46957 -0.522418 1
0 -0 1
0.0833333 -2.04108e-17 0.129021
0.166667 -4.08216e-17 0.084686
0.25 -6.12323e-17 0.0723868
0.333333 -8.16431e-17 0.0663548
0.416667 -1.02054e-16 0.0626642
0.5 -1.22465e-16 0.0601538
0.583333 -1.42875e-16 0.058351
0.666667 -1.63286e-16 0.0570255
0.75 -1.83697e-16 0.0560518
0.833333 -2.04108e-16 0.0553565
0.916667 -2.24519e-16 0.0548949
1 -2.44929e-16 0.0546393
1.08333 -2.6534e-16 0.0545731
1.16667 -2.85751e-16 0.0546869
1.25 -3.06162e-16 0.0549768
1.33333 -3.26572e-16 0.0554429
1.41667 -3.46983e-16 0.0560888
1.5 -3.67394e-16 0.0569207
1.58333 -3.87805e-16 0.0579476
1.66667 -4.08216e-16 0.0591807
1.75 -4.28626e-16 0.060634
1.83333 -4.49037e-16 0.062324
1.91667 -4.69448e-16 0.0642698
2 -4.89859e-16 0.0664939
2.08333 -5.10269e-16 0.0690219
2.16667 -5.3068e-16 0.0718834
2.25 -5.51091e-16 0.0751123
2.33333 -5.71502e-16 0.0787479
2.41667 -5.91913e-16 0.0828353
2.5 -6.12323e-16 0.0874266
2.58333 -6.32734e-16 0.0925824
2.66667 -6.53145e-16 0.0983728
2.75 -6.73556e-16 0.10488
2.83333 -6.93967e-16 0.1122
2.91667 -7.14377e-16 0.120447
3 -7.34788e-16 0.129753
3.08333 -7.55199e-16 0.140277
3.16667 -7.7561e-16 0.152206
3.25 -7.9602e-16 0.165766
3.33333 -8.16431e-16 0.181225
3.41667 -8.36842e-16 0.198906
3.5 -8.57253e-16 0.219198
3.58333 -8.77664e-16 0.24257
3.66667 -8.98074e-16 0.269591
3.75 -9.18485e-16 0.300949
3.83333 -9.38896e-16 0.337482
3.91667 -9.59307e-16 0.380209
4 -9.79717e-16 0.430371
4.08333 -1.00013e-15 0.489479
4.16667 -1.02054e-15 0.559378
4.25 -1.04095e-15 0.642319
4.33333 -1.06136e-15 0.741047
4.41667 -1.08177e-15 0.858912
4.5 -1.10218e-15 1
