529
23
0
0
0
0
0
0
0
0
1
1
1
1
1
1
1
0
0
0
0
0
0
0
0
0
0
0
0
0
0
1
0.988359
0.977173
0.962879
0.941958
0.907724
0.84374
0.703027
0.333299
0.185194
0.0990251
0
0
0
0
0
0
0
0
0
0
1
0.990793
0.976265
0.957457
0.932386
0.897232
0.845204
0.764212
0.635073
0.44498
0.308456
0.21091
0.133257
0.0914118
0.0556139
0
0
0
0
0
0
0
1
0.986907
0.968453
0.944008
0.911981
0.869385
0.811654
0.73284
0.62808
0.503102
0.392751
0.302909
0.230713
0.176783
0.131048
0.086187
0.0520625
0
0
0
0
0
1
0.988385
0.966633
0.938144
0.902152
0.856681
0.799197
0.727425
0.641318
0.546608
0.456549
0.377274
0.309916
0.25397
0.205616
0.161645
0.122067
0.0815077
0.049406
0
0
0
0
1
0.971555
0.939788
0.901808
0.855999
0.801036
0.73636
0.663171
0.58548
0.509579
0.43974
0.377725
0.32358
0.275815
0.232723
0.193064
0.154565
0.11612
0.0677829
0
0
0
1
0.979801
0.94765
0.909301
0.864482
0.812601
0.753823
0.689544
0.622581
0.556568
0.494403
0.437683
0.386832
0.341361
0.300386
0.262917
0.227578
0.192737
0.155016
0.113382
0.0771483
0
0
1
0.961713
0.92327
0.880038
0.831075
0.776802
0.71862
0.658751
0.59973
0.543645
0.491795
0.44473
0.402432
0.364567
0.33066
0.300112
0.272247
0.246174
0.221371
0.195215
0.142969
0
1
0.975936
0.942035
0.901332
0.854874
0.803704
0.749403
0.694093
0.639982
0.588678
0.541147
0.497888
0.459097
0.424814
0.395067
0.369986
0.349983
0.336076
0.330724
0.339381
0.376663
0.505664
1
1
0.967606
0.928391
0.883394
0.833754
0.781212
0.728258
0.67745
0.629965
0.586254
0.546609
0.511282
0.480553
0.454834
0.434806
0.421645
0.417444
0.426083
0.454934
0.518647
0.645999
0.866337
1
1
0.961239
0.916566
0.86672
0.81345
0.760298
0.711617
0.667503
0.627322
0.591041
0.5589
0.531311
0.508939
0.492788
0.484371
0.485995
0.501249
0.535639
0.597003
0.693354
0.819351
0.923095
1
1
0.95492
0.903118
0.845586
0.787883
0.741241
0.701132
0.664517
0.631362
0.601994
0.576884
0.556851
0.543066
0.537083
0.540942
0.557298
0.58939
0.640386
0.711074
0.794627
0.873031
0.940519
1
1
0.945255
0.877905
0.804422
0.764349
0.731291
0.698279
0.667921
0.64086
0.617409
0.598545
0.585571
0.57998
0.583416
0.597636
0.624255
0.664094
0.715943
0.775059
0.83389
0.889049
0.942375
1
1
0.916366
0.787563
0.780457
0.761422
0.729407
0.701208
0.676141
0.653375
0.634376
0.620721
0.613876
0.615131
0.625598
0.645921
0.675811
0.713558
0.75579
0.798426
0.839418
0.880453
0.928625
1
1
0.649016
0.808504
0.804549
0.756736
0.731384
0.709145
0.685599
0.664889
0.649085
0.639699
0.63766
0.643728
0.65804
0.679689
0.706704
0.736129
0.764617
0.789752
0.811397
0.834049
0.875095
1
0
1
0.891541
0.76162
0.758461
0.743475
0.715007
0.690518
0.671056
0.658197
0.652105
0.653634
0.662843
0.678218
0.697456
0.717416
0.734171
0.743584
0.741337
0.721085
0.66633
0.515457
0
0
1
0.639748
0.797377
0.791303
0.740452
0.711139
0.686444
0.669949
0.65895
0.655878
0.661499
0.6729
0.687501
0.701921
0.711077
0.709083
0.68929
0.642627
0.553686
0.395499
0.145018
0
0
0
1
0.883917
0.744369
0.727156
0.693649
0.676219
0.657884
0.649447
0.654389
0.664397
0.67774
0.691702
0.699144
0.692389
0.664119
0.60645
0.510291
0.367836
0.184573
0
0
0
0
1
0.62596
0.759475
0.684787
0.683409
0.646932
0.629652
0.642227
0.652571
0.667371
0.688014
0.701416
0.697217
0.668352
0.608767
0.513196
0.380983
0.22544
0.0831435
0
0
0
0
0
1
0.602622
0.725705
0.616792
0.580012
0.632305
0.636298
0.651168
0.691574
0.721297
0.726715
0.703311
0.647074
0.552746
0.41746
0.25306
0.107135
0
0
0
0
0
0
0
1
0.514524
0.441306
0.67069
0.609153
0.609437
0.705825
0.765487
0.785041
0.771107
0.723473
0.633256
0.483054
0.262206
0.0923351
0
0
0
0
0
0
0
0
0
0
1
0.52019
0.471608
0.756804
0.849787
0.876858
0.872605
0.842457
0.773752
0.619295
0.220375
0
0
0
0
0
0
0
0
0
0
0
0
0
0
1
1
1
1
1
1
1
0
0
0
0
0
0
0
0
