3025
-6 -2 1
-5.92593 -2 1
-5.85185 -2 1
-5.77778 -2 1
-5.7037 -2 1
-5.62963 -2 1
-5.55556 -2 1
-5.48148 -2 1
-5.40741 -2 1
-5.33333 -2 1
-5.25926 -2 1
-5.18519 -2 1
-5.11111 -2 1
-5.03704 -2 1
-4.96296 -2 1
-4.88889 -2 1
-4.81481 -2 1
-4.74074 -2 1
-4.66667 -2 1
-4.59259 -2 1
-4.51852 -2 1
-4.44444 -2 1
-4.37037 -2 1
-4.2963 -2 1
-4.22222 -2 1
-4.14815 -2 1
-4.07407 -2 1
-4 -2 0
-3.92593 -2 0
-3.85185 -2 0
-3.77778 -2 0
-3.7037 -2 0
-3.62963 -2 0
-3.55556 -2 0
-3.48148 -2 0
-3.40741 -2 0
-3.33333 -2 0
-3.25926 -2 0
-3.18519 -2 0
-3.11111 -2 0
-3.03704 -2 0
-2.96296 -2 0
-2.88889 -2 0
-2.81481 -2 0
-2.74074 -2 0
-2.66667 -2 0
-2.59259 -2 0
-2.51852 -2 0
-2.44444 -2 0
-2.37037 -2 0
-2.2963 -2 0
-2.22222 -2 0
-2.14815 -2 0
-2.07407 -2 0
-2 -2 0
-6 -1.92593 1
-5.92593 -1.92593 0.998901
-5.85185 -1.92593 0.997794
-5.77778 -1.92593 0.99667
-5.7037 -1.92593 0.995521
-5.62963 -1.92593 0.994338
-5.55556 -1.92593 0.993109
-5.48148 -1.92593 0.991824
-5.40741 -1.92593 0.990468
-5.33333 -1.92593 0.989024
-5.25926 -1.92593 0.987474
-5.18519 -1.92593 0.985793
-5.11111 -1.92593 0.983951
-5.03704 -1.92593 0.981908
-4.96296 -1.92593 0.979615
-4.88889 -1.92593 0.977003
-4.81481 -1.92593 0.97398
-4.74074 -1.92593 0.970415
-4.66667 -1.92593 0.966117
-4.59259 -1.92593 0.960795
-4.51852 -1.92593 0.953986
-4.44444 -1.92593 0.944906
-4.37037 -1.92593 0.932123
-4.2963 -1.92593 0.912774
-4.22222 -1.92593 0.880469
-4.14815 -1.92593 0.819059
-4.07407 -1.92593 0.682063
-4 -1.92593 0.318307
-3.92593 -1.92593 0.181312
-3.85185 -1.92593 0.119904
-3.77778 -1.92593 0.087604
-3.7037 -1.92593 0.0682603
-3.62963 -1.92593 0.0554838
-3.55556 -1.92593 0.0464118
-3.48148 -1.92593 0.039613
-3.40741 -1.92593 0.0343025
-3.33333 -1.92593 0.0300171
-3.25926 -1.92593 0.0264666
-3.18519 -1.92593 0.02346
-3.11111 -1.92593 0.0208664
-3.03704 -1.92593 0.0185931
-2.96296 -1.92593 0.0165726
-2.88889 -1.92593 0.0147545
-2.81481 -1.92593 0.0130999
-2.74074 -1.92593 0.0115789
-2.66667 -1.92593 0.0101674
-2.59259 -1.92593 0.00884599
-2.51852 -1.92593 0.00759857
-2.44444 -1.92593 0.00641169
-2.37037 -1.92593 0.0052738
-2.2963 -1.92593 0.00417485
-2.22222 -1.92593 0.00310588
-2.14815 -1.92593 0.00205874
-2.07407 -1.92593 0.00102585
-2 -1.92593 0
-6 -1.85185 1
-5.92593 -1.85185 0.99781
-5.85185 -1.85185 0.995604
-5.77778 -1.85185 0.993365
-5.7037 -1.85185 0.991077
-5.62963 -1.85185 0.988721
-5.55556 -1.85185 0.986276
-5.48148 -1.85185 0.983719
-5.40741 -1.85185 0.981023
-5.33333 -1.85185 0.978156
-5.25926 -1.85185 0.97508
-5.18519 -1.85185 0.971748
-5.11111 -1.85185 0.968102
-5.03704 -1.85185 0.964067
-4.96296 -1.85185 0.959548
-4.88889 -1.85185 0.954418
-4.81481 -1.85185 0.948503
-4.74074 -1.85185 0.941564
-4.66667 -1.85185 0.933257
-4.59259 -1.85185 0.923077
-4.51852 -1.85185 0.910244
-4.44444 -1.85185 0.893515
-4.37037 -1.85185 0.870811
-4.2963 -1.85185 0.838502
-4.22222 -1.85185 0.790045
-4.14815 -1.85185 0.713704
-4.07407 -1.85185 0.590885
-4 -1.85185 0.409853
-3.92593 -1.85185 0.287037
-3.85185 -1.85185 0.2107
-3.77778 -1.85185 0.162252
-3.7037 -1.85185 0.129953
-3.62963 -1.85185 0.107263
-3.55556 -1.85185 0.0905507
-3.48148 -1.85185 0.0777376
-3.40741 -1.85185 0.0675798
-3.33333 -1.85185 0.0592994
-3.25926 -1.85185 0.0523894
-3.18519 -1.85185 0.046507
-3.11111 -1.85185 0.0414124
-3.03704 -1.85185 0.0369334
-2.96296 -1.85185 0.032943
-2.88889 -1.85185 0.0293453
-2.81481 -1.85185 0.0260664
-2.74074 -1.85185 0.0230484
-2.66667 -1.85185 0.0202448
-2.59259 -1.85185 0.017618
-2.51852 -1.85185 0.0151366
-2.44444 -1.85185 0.0127744
-2.37037 -1.85185 0.0105087
-2.2963 -1.85185 0.00831974
-2.22222 -1.85185 0.00618994
-2.14815 -1.85185 0.00410324
-2.07407 -1.85185 0.00204467
-2 -1.85185 0
-6 -1.77778 1
-5.92593 -1.77778 0.996735
-5.85185 -1.77778 0.993446
-5.77778 -1.77778 0.99011
-5.7037 -1.77778 0.986701
-5.62963 -1.77778 0.983193
-5.55556 -1.77778 0.979555
-5.48148 -1.77778 0.975753
-5.40741 -1.77778 0.971749
-5.33333 -1.77778 0.967496
-5.25926 -1.77778 0.962941
-5.18519 -1.77778 0.958017
-5.11111 -1.77778 0.952641
-5.03704 -1.77778 0.946711
-4.96296 -1.77778 0.940094
-4.88889 -1.77778 0.932616
-4.81481 -1.77778 0.924049
-4.74074 -1.77778 0.914079
-4.66667 -1.77778 0.902272
-4.59259 -1.77778 0.888011
-4.51852 -1.77778 0.870398
-4.44444 -1.77778 0.8481
-4.37037 -1.77778 0.819105
-4.2963 -1.77778 0.780379
-4.22222 -1.77778 0.727506
-4.14815 -1.77778 0.654825
-4.07407 -1.77778 0.557921
-4 -1.77778 0.443182
-3.92593 -1.77778 0.346282
-3.85185 -1.77778 0.273609
-3.77778 -1.77778 0.220749
-3.7037 -1.77778 0.182039
-3.62963 -1.77778 0.153064
-3.55556 -1.77778 0.13079
-3.48148 -1.77778 0.113207
-3.40741 -1.77778 0.0989797
-3.33333 -1.77778 0.0872113
-3.25926 -1.77778 0.0772848
-3.18519 -1.77778 0.0687661
-3.11111 -1.77778 0.0613428
-3.03704 -1.77778 0.0547852
-2.96296 -1.77778 0.0489207
-2.88889 -1.77778 0.0436173
-2.81481 -1.77778 0.0387721
-2.74074 -1.77778 0.0343034
-2.66667 -1.77778 0.0301455
-2.59259 -1.77778 0.0262445
-2.51852 -1.77778 0.0225556
-2.44444 -1.77778 0.0190406
-2.37037 -1.77778 0.0156668
-2.2963 -1.77778 0.0124055
-2.22222 -1.77778 0.00923092
-2.14815 -1.77778 0.00611959
-2.07407 -1.77778 0.00304959
-2 -1.77778 0
-6 -1.7037 1
-5.92593 -1.7037 0.995683
-5.85185 -1.7037 0.991335
-5.77778 -1.7037 0.986927
-5.7037 -1.7037 0.982425
-5.62963 -1.7037 0.977794
-5.55556 -1.7037 0.972997
-5.48148 -1.7037 0.967989
-5.40741 -1.7037 0.962723
-5.33333 -1.7037 0.957139
-5.25926 -1.7037 0.951172
-5.18519 -1.7037 0.944737
-5.11111 -1.7037 0.937735
-5.03704 -1.7037 0.930042
-4.96296 -1.7037 0.921499
-4.88889 -1.7037 0.911905
-4.81481 -1.7037 0.900998
-4.74074 -1.7037 0.888432
-4.66667 -1.7037 0.873741
-4.59259 -1.7037 0.856297
-4.51852 -1.7037 0.835238
-4.44444 -1.7037 0.809382
-4.37037 -1.7037 0.777129
-4.2963 -1.7037 0.736402
-4.22222 -1.7037 0.684775
-4.14815 -1.7037 0.620171
-4.07407 -1.7037 0.542793
-4 -1.7037 0.458672
-3.92593 -1.7037 0.3813
-3.85185 -1.7037 0.316706
-3.77778 -1.7037 0.265096
-3.7037 -1.7037 0.224389
-3.62963 -1.7037 0.192164
-3.55556 -1.7037 0.16634
-3.48148 -1.7037 0.14532
-3.40741 -1.7037 0.127921
-3.33333 -1.7037 0.113282
-3.25926 -1.7037 0.100772
-3.18519 -1.7037 0.0899298
-3.11111 -1.7037 0.0804077
-3.03704 -1.7037 0.0719439
-2.96296 -1.7037 0.0643374
-2.88889 -1.7037 0.0574312
-2.81481 -1.7037 0.0511012
-2.74074 -1.7037 0.0452476
-2.66667 -1.7037 0.0397893
-2.59259 -1.7037 0.0346591
-2.51852 -1.7037 0.0298005
-2.44444 -1.7037 0.0251656
-2.37037 -1.7037 0.0207125
-2.2963 -1.7037 0.0164045
-2.22222 -1.7037 0.0122087
-2.14815 -1.7037 0.00809463
-2.07407 -1.7037 0.00403409
-2 -1.7037 0
-6 -1.62963 1
-5.92593 -1.62963 0.994661
-5.85185 -1.62963 0.989286
-5.77778 -1.62963 0.983838
-5.7037 -1.62963 0.978277
-5.62963 -1.62963 0.972563
-5.55556 -1.62963 0.966649
-5.48148 -1.62963 0.960485
-5.40741 -1.62963 0.954014
-5.33333 -1.62963 0.947168
-5.25926 -1.62963 0.939869
-5.18519 -1.62963 0.932024
-5.11111 -1.62963 0.923521
-5.03704 -1.62963 0.914222
-4.96296 -1.62963 0.903955
-4.88889 -1.62963 0.892507
-4.81481 -1.62963 0.879607
-4.74074 -1.62963 0.864908
-4.66667 -1.62963 0.847964
-4.59259 -1.62963 0.828199
-4.51852 -1.62963 0.804875
-4.44444 -1.62963 0.777061
-4.37037 -1.62963 0.743628
-4.2963 -1.62963 0.703324
-4.22222 -1.62963 0.65502
-4.14815 -1.62963 0.598289
-4.07407 -1.62963 0.534408
-4 -1.62963 0.467413
-3.92593 -1.62963 0.403539
-3.85185 -1.62963 0.346821
-3.77778 -1.62963 0.298537
-3.7037 -1.62963 0.25826
-3.62963 -1.62963 0.224861
-3.55556 -1.62963 0.197088
-3.48148 -1.62963 0.173812
-3.40741 -1.62963 0.154103
-3.33333 -1.62963 0.137221
-3.25926 -1.62963 0.122594
-3.18519 -1.62963 0.109773
-3.11111 -1.62963 0.0984141
-3.03704 -1.62963 0.0882455
-2.96296 -1.62963 0.0790539
-2.88889 -1.62963 0.070669
-2.81481 -1.62963 0.0629539
-2.74074 -1.62963 0.0557967
-2.66667 -1.62963 0.0491051
-2.59259 -1.62963 0.042802
-2.51852 -1.62963 0.036822
-2.44444 -1.62963 0.0311087
-2.37037 -1.62963 0.0256131
-2.2963 -1.62963 0.0202915
-2.22222 -1.62963 0.0151046
-2.14815 -1.62963 0.0100162
-2.07407 -1.62963 0.00499215
-2 -1.62963 0
-6 -1.55556 1
-5.92593 -1.55556 0.993676
-5.85185 -1.55556 0.98731
-5.77778 -1.55556 0.980861
-5.7037 -1.55556 0.974283
-5.62963 -1.55556 0.967531
-5.55556 -1.55556 0.960551
-5.48148 -1.55556 0.953289
-5.40741 -1.55556 0.945679
-5.33333 -1.55556 0.937648
-5.25926 -1.55556 0.929112
-5.18519 -1.55556 0.91997
-5.11111 -1.55556 0.910103
-5.03704 -1.55556 0.899369
-4.96296 -1.55556 0.887592
-4.88889 -1.55556 0.874562
-4.81481 -1.55556 0.860015
-4.74074 -1.55556 0.84363
-4.66667 -1.55556 0.825007
-4.59259 -1.55556 0.803659
-4.51852 -1.55556 0.779002
-4.44444 -1.55556 0.750359
-4.37037 -1.55556 0.716999
-4.2963 -1.55556 0.678246
-4.22222 -1.55556 0.633693
-4.14815 -1.55556 0.583559
-4.07407 -1.55556 0.529137
-4 -1.55556 0.473034
-3.92593 -1.55556 0.418621
-3.85185 -1.55556 0.368503
-3.77778 -1.55556 0.323973
-3.7037 -1.55556 0.285252
-3.62963 -1.55556 0.251932
-3.55556 -1.55556 0.223337
-3.48148 -1.55556 0.198737
-3.40741 -1.55556 0.177456
-3.33333 -1.55556 0.158908
-3.25926 -1.55556 0.142607
-3.18519 -1.55556 0.128156
-3.11111 -1.55556 0.11523
-3.03704 -1.55556 0.10357
-2.96296 -1.55556 0.0929636
-2.88889 -1.55556 0.0832372
-2.81481 -1.55556 0.0742488
-2.74074 -1.55556 0.0658802
-2.66667 -1.55556 0.0580325
-2.59259 -1.55556 0.050622
-2.51852 -1.55556 0.0435766
-2.44444 -1.55556 0.0368342
-2.37037 -1.55556 0.0303396
-2.2963 -1.55556 0.0240438
-2.22222 -1.55556 0.0179021
-2.14815 -1.55556 0.0118733
-2.07407 -1.55556 0.00591833
-2 -1.55556 0
-6 -1.48148 1
-5.92593 -1.48148 0.992732
-5.85185 -1.48148 0.985418
-5.77778 -1.48148 0.978012
-5.7037 -1.48148 0.970465
-5.62963 -1.48148 0.962725
-5.55556 -1.48148 0.954737
-5.48148 -1.48148 0.94644
-5.40741 -1.48148 0.937765
-5.33333 -1.48148 0.928635
-5.25926 -1.48148 0.918961
-5.18519 -1.48148 0.908641
-5.11111 -1.48148 0.897554
-5.03704 -1.48148 0.885558
-4.96296 -1.48148 0.872484
-4.88889 -1.48148 0.858133
-4.81481 -1.48148 0.842263
-4.74074 -1.48148 0.824589
-4.66667 -1.48148 0.804774
-4.59259 -1.48148 0.782429
-4.51852 -1.48148 0.757116
-4.44444 -1.48148 0.728373
-4.37037 -1.48148 0.695763
-4.2963 -1.48148 0.658969
-4.22222 -1.48148 0.617946
-4.14815 -1.48148 0.573116
-4.07407 -1.48148 0.525548
-4 -1.48148 0.476966
-3.92593 -1.48148 0.429407
-3.85185 -1.48148 0.384596
-3.77778 -1.48148 0.3436
-3.7037 -1.48148 0.306843
-3.62963 -1.48148 0.274279
-3.55556 -1.48148 0.245592
-3.48148 -1.48148 0.220345
-3.40741 -1.48148 0.198076
-3.33333 -1.48148 0.178348
-3.25926 -1.48148 0.160772
-3.18519 -1.48148 0.145011
-3.11111 -1.48148 0.130781
-3.03704 -1.48148 0.117842
-2.96296 -1.48148 0.105993
-2.88889 -1.48148 0.0950675
-2.81481 -1.48148 0.0849238
-2.74074 -1.48148 0.0754428
-2.66667 -1.48148 0.0665228
-2.59259 -1.48148 0.0580767
-2.51852 -1.48148 0.0500285
-2.44444 -1.48148 0.0423118
-2.37037 -1.48148 0.0348674
-2.2963 -1.48148 0.027642
-2.22222 -1.48148 0.0205868
-2.14815 -1.48148 0.0136564
-2.07407 -1.48148 0.00680793
-2 -1.48148 0
-6 -1.40741 1
-5.92593 -1.40741 0.991834
-5.85185 -1.40741 0.983618
-5.77778 -1.40741 0.975304
-5.7037 -1.40741 0.966839
-5.62963 -1.40741 0.958168
-5.55556 -1.40741 0.949232
-5.48148 -1.40741 0.939969
-5.40741 -1.40741 0.930306
-5.33333 -1.40741 0.920165
-5.25926 -1.40741 0.909457
-5.18519 -1.40741 0.898078
-5.11111 -1.40741 0.885913
-5.03704 -1.40741 0.872824
-4.96296 -1.40741 0.858655
-4.88889 -1.40741 0.843222
-4.81481 -1.40741 0.826314
-4.74074 -1.40741 0.807689
-4.66667 -1.40741 0.787073
-4.59259 -1.40741 0.764168
-4.51852 -1.40741 0.738661
-4.44444 -1.40741 0.710255
-4.37037 -1.40741 0.67871
-4.2963 -1.40741 0.643921
-4.22222 -1.40741 0.606006
-4.14815 -1.40741 0.565412
-4.07407 -1.40741 0.522973
-4 -1.40741 0.479875
-3.92593 -1.40741 0.437447
-3.85185 -1.40741 0.396873
-3.77778 -1.40741 0.358989
-3.7037 -1.40741 0.324241
-3.62963 -1.40741 0.292749
-3.55556 -1.40741 0.264406
-3.48148 -1.40741 0.238974
-3.40741 -1.40741 0.216155
-3.33333 -1.40741 0.195637
-3.25926 -1.40741 0.177122
-3.18519 -1.40741 0.160337
-3.11111 -1.40741 0.145041
-3.03704 -1.40741 0.131022
-2.96296 -1.40741 0.1181
-2.88889 -1.40741 0.106116
-2.81481 -1.40741 0.0949363
-2.74074 -1.40741 0.0844444
-2.66667 -1.40741 0.0745395
-2.59259 -1.40741 0.0651335
-2.51852 -1.40741 0.056149
-2.44444 -1.40741 0.0475172
-2.37037 -1.40741 0.0391763
-2.2963 -1.40741 0.0310701
-2.22222 -1.40741 0.0231467
-2.14815 -1.40741 0.0153577
-2.07407 -1.40741 0.00765698
-2 -1.40741 0
-6 -1.33333 1
-5.92593 -1.33333 0.990985
-5.85185 -1.33333 0.981918
-5.77778 -1.33333 0.972747
-5.7037 -1.33333 0.963418
-5.62963 -1.33333 0.953875
-5.55556 -1.33333 0.944056
-5.48148 -1.33333 0.933897
-5.40741 -1.33333 0.923326
-5.33333 -1.33333 0.912263
-5.25926 -1.33333 0.900622
-5.18519 -1.33333 0.888303
-5.11111 -1.33333 0.875195
-5.03704 -1.33333 0.861171
-4.96296 -1.33333 0.846089
-4.88889 -1.33333 0.829786
-4.81481 -1.33333 0.812083
-4.74074 -1.33333 0.792779
-4.66667 -1.33333 0.771661
-4.59259 -1.33333 0.748507
-4.51852 -1.33333 0.723105
-4.44444 -1.33333 0.695274
-4.37037 -1.33333 0.664903
-4.2963 -1.33333 0.632
-4.22222 -1.33333 0.596747
-4.14815 -1.33333 0.559551
-4.07407 -1.33333 0.521059
-4 -1.33333 0.482113
-3.92593 -1.33333 0.443633
-3.85185 -1.33333 0.40646
-3.77778 -1.33333 0.371242
-3.7037 -1.33333 0.338384
-3.62963 -1.33333 0.308071
-3.55556 -1.33333 0.28031
-3.48148 -1.33333 0.25499
-3.40741 -1.33333 0.231932
-3.33333 -1.33333 0.210923
-3.25926 -1.33333 0.191741
-3.18519 -1.33333 0.174174
-3.11111 -1.33333 0.158023
-3.03704 -1.33333 0.143108
-2.96296 -1.33333 0.129268
-2.88889 -1.33333 0.11636
-2.81481 -1.33333 0.104261
-2.74074 -1.33333 0.0928592
-2.66667 -1.33333 0.0820572
-2.59259 -1.33333 0.0717688
-2.51852 -1.33333 0.0619168
-2.44444 -1.33333 0.0524317
-2.37037 -1.33333 0.0432505
-2.2963 -1.33333 0.0343153
-2.22222 -1.33333 0.0255723
-2.14815 -1.33333 0.0169707
-2.07407 -1.33333 0.00846227
-2 -1.33333 0
-6 -1.25926 1
-5.92593 -1.25926 0.990187
-5.85185 -1.25926 0.980321
-5.77778 -1.25926 0.970348
-5.7037 -1.25926 0.960213
-5.62963 -1.25926 0.949857
-5.55556 -1.25926 0.93922
-5.48148 -1.25926 0.928237
-5.40741 -1.25926 0.916836
-5.33333 -1.25926 0.90494
-5.25926 -1.25926 0.892466
-5.18519 -1.25926 0.879318
-5.11111 -1.25926 0.865393
-5.03704 -1.25926 0.850578
-4.96296 -1.25926 0.834743
-4.88889 -1.25926 0.817752
-4.81481 -1.25926 0.799452
-4.74074 -1.25926 0.779684
-4.66667 -1.25926 0.758285
-4.59259 -1.25926 0.735096
-4.51852 -1.25926 0.709979
-4.44444 -1.25926 0.682834
-4.37037 -1.25926 0.653628
-4.2963 -1.25926 0.622427
-4.22222 -1.25926 0.58943
-4.14815 -1.25926 0.554986
-4.07407 -1.25926 0.519599
-4 -1.25926 0.483886
-3.92593 -1.25926 0.448512
-3.85185 -1.25926 0.414093
-3.77778 -1.25926 0.381133
-3.7037 -1.25926 0.349983
-3.62963 -1.25926 0.320841
-3.55556 -1.25926 0.293772
-3.48148 -1.25926 0.268745
-3.40741 -1.25926 0.245661
-3.33333 -1.25926 0.224381
-3.25926 -1.25926 0.204747
-3.18519 -1.25926 0.186596
-3.11111 -1.25926 0.16977
-3.03704 -1.25926 0.154118
-2.96296 -1.25926 0.139502
-2.88889 -1.25926 0.125797
-2.81481 -1.25926 0.112888
-2.74074 -1.25926 0.100674
-2.66667 -1.25926 0.0890615
-2.59259 -1.25926 0.0779679
-2.51852 -1.25926 0.0673177
-2.44444 -1.25926 0.0570424
-2.37037 -1.25926 0.0470788
-2.2963 -1.25926 0.0373684
-2.22222 -1.25926 0.0278563
-2.14815 -1.25926 0.0184906
-2.07407 -1.25926 0.00922138
-2 -1.25926 0
-6 -1.18519 1
-5.92593 -1.18519 0.989442
-5.85185 -1.18519 0.978831
-5.77778 -1.18519 0.968111
-5.7037 -1.18519 0.957227
-5.62963 -1.18519 0.946121
-5.55556 -1.18519 0.934732
-5.48148 -1.18519 0.922995
-5.40741 -1.18519 0.910841
-5.33333 -1.18519 0.898197
-5.25926 -1.18519 0.884982
-5.18519 -1.18519 0.871109
-5.11111 -1.18519 0.856483
-5.03704 -1.18519 0.841002
-4.96296 -1.18519 0.824555
-4.88889 -1.18519 0.807025
-4.81481 -1.18519 0.788288
-4.74074 -1.18519 0.76822
-4.66667 -1.18519 0.746698
-4.59259 -1.18519 0.723614
-4.51852 -1.18519 0.698881
-4.44444 -1.18519 0.672454
-4.37037 -1.18519 0.644347
-4.2963 -1.18519 0.614653
-4.22222 -1.18519 0.58356
-4.14815 -1.18519 0.551365
-4.07407 -1.18519 0.518464
-4 -1.18519 0.485322
-3.92593 -1.18519 0.452434
-3.85185 -1.18519 0.420267
-3.77778 -1.18519 0.389215
-3.7037 -1.18519 0.359575
-3.62963 -1.18519 0.331537
-3.55556 -1.18519 0.305193
-3.48148 -1.18519 0.280558
-3.40741 -1.18519 0.257586
-3.33333 -1.18519 0.236193
-3.25926 -1.18519 0.216269
-3.18519 -1.18519 0.197693
-3.11111 -1.18519 0.180342
-3.03704 -1.18519 0.164092
-2.96296 -1.18519 0.148827
-2.88889 -1.18519 0.134437
-2.81481 -1.18519 0.120822
-2.74074 -1.18519 0.107887
-2.66667 -1.18519 0.0955471
-2.59259 -1.18519 0.0837235
-2.51852 -1.18519 0.0723439
-2.44444 -1.18519 0.0613414
-2.37037 -1.18519 0.0506539
-2.2963 -1.18519 0.0402231
-2.22222 -1.18519 0.0299941
-2.14815 -1.18519 0.0199141
-2.07407 -1.18519 0.00993262
-2 -1.18519 0
-6 -1.11111 1
-5.92593 -1.11111 0.988752
-5.85185 -1.11111 0.97745
-5.77778 -1.11111 0.966039
-5.7037 -1.11111 0.954464
-5.62963 -1.11111 0.942668
-5.55556 -1.11111 0.930591
-5.48148 -1.11111 0.918169
-5.40741 -1.11111 0.905337
-5.33333 -1.11111 0.892025
-5.25926 -1.11111 0.878157
-5.18519 -1.11111 0.863653
-5.11111 -1.11111 0.848428
-5.03704 -1.11111 0.832393
-4.96296 -1.11111 0.815451
-4.88889 -1.11111 0.797506
-4.81481 -1.11111 0.778457
-4.74074 -1.11111 0.75821
-4.66667 -1.11111 0.736675
-4.59259 -1.11111 0.71378
-4.51852 -1.11111 0.689477
-4.44444 -1.11111 0.663755
-4.37037 -1.11111 0.636654
-4.2963 -1.11111 0.608276
-4.22222 -1.11111 0.578792
-4.14815 -1.11111 0.548452
-4.07407 -1.11111 0.517569
-4 -1.11111 0.486505
-3.92593 -1.11111 0.455636
-3.85185 -1.11111 0.425325
-3.77778 -1.11111 0.395886
-3.7037 -1.11111 0.367565
-3.62963 -1.11111 0.340538
-3.55556 -1.11111 0.314905
-3.48148 -1.11111 0.290707
-3.40741 -1.11111 0.267933
-3.33333 -1.11111 0.246536
-3.25926 -1.11111 0.226443
-3.18519 -1.11111 0.207567
-3.11111 -1.11111 0.189812
-3.03704 -1.11111 0.173081
-2.96296 -1.11111 0.157276
-2.88889 -1.11111 0.142304
-2.81481 -1.11111 0.128075
-2.74074 -1.11111 0.114505
-2.66667 -1.11111 0.101516
-2.59259 -1.11111 0.0890352
-2.51852 -1.11111 0.076993
-2.44444 -1.11111 0.0653255
-2.37037 -1.11111 0.0539723
-2.2963 -1.11111 0.0428762
-2.22222 -1.11111 0.0319827
-2.14815 -1.11111 0.0212392
-2.07407 -1.11111 0.0105949
-2 -1.11111 0
-6 -1.03704 1
-5.92593 -1.03704 0.988115
-5.85185 -1.03704 0.976177
-5.77778 -1.03704 0.964131
-5.7037 -1.03704 0.951923
-5.62963 -1.03704 0.939496
-5.55556 -1.03704 0.926793
-5.48148 -1.03704 0.913754
-5.40741 -1.03704 0.900314
-5.33333 -1.03704 0.886408
-5.25926 -1.03704 0.871967
-5.18519 -1.03704 0.856918
-5.11111 -1.03704 0.841185
-5.03704 -1.03704 0.82469
-4.96296 -1.03704 0.807351
-4.88889 -1.03704 0.789089
-4.81481 -1.03704 0.769826
-4.74074 -1.03704 0.749487
-4.66667 -1.03704 0.728012
-4.59259 -1.03704 0.705354
-4.51852 -1.03704 0.681492
-4.44444 -1.03704 0.656436
-4.37037 -1.03704 0.63024
-4.2963 -1.03704 0.603003
-4.22222 -1.03704 0.574881
-4.14815 -1.03704 0.546081
-4.07407 -1.03704 0.516856
-4 -1.03704 0.487491
-3.92593 -1.03704 0.458282
-3.85185 -1.03704 0.429513
-3.77778 -1.03704 0.401437
-3.7037 -1.03704 0.374263
-3.62963 -1.03704 0.348145
-3.55556 -1.03704 0.323184
-3.48148 -1.03704 0.299433
-3.40741 -1.03704 0.276903
-3.33333 -1.03704 0.255574
-3.25926 -1.03704 0.2354
-3.18519 -1.03704 0.216319
-3.11111 -1.03704 0.19826
-3.03704 -1.03704 0.181144
-2.96296 -1.03704 0.164893
-2.88889 -1.03704 0.149427
-2.81481 -1.03704 0.134668
-2.74074 -1.03704 0.120542
-2.66667 -1.03704 0.106978
-2.59259 -1.03704 0.093908
-2.51852 -1.03704 0.0812674
-2.44444 -1.03704 0.0689953
-2.37037 -1.03704 0.0570337
-2.2963 -1.03704 0.0453268
-2.22222 -1.03704 0.0338213
-2.14815 -1.03704 0.0224651
-2.07407 -1.03704 0.011208
-2 -1.03704 0
-6 -0.962963 1
-5.92593 -0.962963 0.987532
-5.85185 -0.962963 0.975011
-5.77778 -0.962963 0.962385
-5.7037 -0.962963 0.9496
-5.62963 -0.962963 0.936601
-5.55556 -0.962963 0.923333
-5.48148 -0.962963 0.909738
-5.40741 -0.962963 0.895757
-5.33333 -0.962963 0.881327
-5.25926 -0.962963 0.866386
-5.18519 -0.962963 0.850867
-5.11111 -0.962963 0.834704
-5.03704 -0.962963 0.817829
-4.96296 -0.962963 0.800175
-4.88889 -0.962963 0.781675
-4.81481 -0.962963 0.762269
-4.74074 -0.962963 0.741902
-4.66667 -0.962963 0.720531
-4.59259 -0.962963 0.698132
-4.51852 -0.962963 0.6747
-4.44444 -0.962963 0.650259
-4.37037 -0.962963 0.624866
-4.2963 -0.962963 0.598617
-4.22222 -0.962963 0.571649
-4.14815 -0.962963 0.544136
-4.07407 -0.962963 0.516284
-4 -0.962963 0.488322
-3.92593 -0.962963 0.460487
-3.85185 -0.962963 0.433006
-3.77778 -0.962963 0.406087
-3.7037 -0.962963 0.379905
-3.62963 -0.962963 0.354594
-3.55556 -0.962963 0.330253
-3.48148 -0.962963 0.306938
-3.40741 -0.962963 0.284674
-3.33333 -0.962963 0.263458
-3.25926 -0.962963 0.243263
-3.18519 -0.962963 0.22405
-3.11111 -0.962963 0.205763
-3.03704 -0.962963 0.188343
-2.96296 -0.962963 0.171725
-2.88889 -0.962963 0.155843
-2.81481 -0.962963 0.140629
-2.74074 -0.962963 0.126018
-2.66667 -0.962963 0.111946
-2.59259 -0.962963 0.0983512
-2.51852 -0.962963 0.0851733
-2.44444 -0.962963 0.0723548
-2.37037 -0.962963 0.0598403
-2.2963 -0.962963 0.0475762
-2.22222 -0.962963 0.0355104
-2.14815 -0.962963 0.0235922
-2.07407 -0.962963 0.0117717
-2 -0.962963 0
-6 -0.888889 1
-5.92593 -0.888889 0.987001
-5.85185 -0.888889 0.973951
-5.77778 -0.888889 0.960798
-5.7037 -0.888889 0.947491
-5.62963 -0.888889 0.933976
-5.55556 -0.888889 0.920201
-5.48148 -0.888889 0.90611
-5.40741 -0.888889 0.891648
-5.33333 -0.888889 0.876758
-5.25926 -0.888889 0.861381
-5.18519 -0.888889 0.84546
-5.11111 -0.888889 0.828936
-5.03704 -0.888889 0.811749
-4.96296 -0.888889 0.793844
-4.88889 -0.888889 0.775168
-4.81481 -0.888889 0.755672
-4.74074 -0.888889 0.735319
-4.66667 -0.888889 0.71408
-4.59259 -0.888889 0.691944
-4.51852 -0.888889 0.668918
-4.44444 -0.888889 0.645032
-4.37037 -0.888889 0.620347
-4.2963 -0.888889 0.594951
-4.22222 -0.888889 0.568962
-4.14815 -0.888889 0.542529
-4.07407 -0.888889 0.515822
-4 -0.888889 0.489028
-3.92593 -0.888889 0.462338
-3.85185 -0.888889 0.435939
-3.77778 -0.888889 0.410002
-3.7037 -0.888889 0.384674
-3.62963 -0.888889 0.360075
-3.55556 -0.888889 0.336295
-3.48148 -0.888889 0.313391
-3.40741 -0.888889 0.291397
-3.33333 -0.888889 0.270319
-3.25926 -0.888889 0.250147
-3.18519 -0.888889 0.230854
-3.11111 -0.888889 0.2124
-3.03704 -0.888889 0.194741
-2.96296 -0.888889 0.177822
-2.88889 -0.888889 0.16159
-2.81481 -0.888889 0.145987
-2.74074 -0.888889 0.130955
-2.66667 -0.888889 0.116438
-2.59259 -0.888889 0.102378
-2.51852 -0.888889 0.0887197
-2.44444 -0.888889 0.0754104
-2.37037 -0.888889 0.0623967
-2.2963 -0.888889 0.0496273
-2.22222 -0.888889 0.037052
-2.14815 -0.888889 0.0246214
-2.07407 -0.888889 0.0122867
-2 -0.888889 0
-6 -0.814815 1
-5.92593 -0.814815 0.986521
-5.85185 -0.814815 0.972993
-5.77778 -0.814815 0.959366
-5.7037 -0.814815 0.945589
-5.62963 -0.814815 0.931611
-5.55556 -0.814815 0.917383
-5.48148 -0.814815 0.902853
-5.40741 -0.814815 0.887967
-5.33333 -0.814815 0.872675
-5.25926 -0.814815 0.856922
-5.18519 -0.814815 0.840658
-5.11111 -0.814815 0.823829
-5.03704 -0.814815 0.806387
-4.96296 -0.814815 0.788285
-4.88889 -0.814815 0.769479
-4.81481 -0.814815 0.749934
-4.74074 -0.814815 0.729623
-4.66667 -0.814815 0.708527
-4.59259 -0.814815 0.686646
-4.51852 -0.814815 0.663994
-4.44444 -0.814815 0.640607
-4.37037 -0.814815 0.61654
-4.2963 -0.814815 0.591877
-4.22222 -0.814815 0.56672
-4.14815 -0.814815 0.541196
-4.07407 -0.814815 0.515447
-4 -0.814815 0.489629
-3.92593 -0.814815 0.463898
-3.85185 -0.814815 0.43841
-3.77778 -0.814815 0.413306
-3.7037 -0.814815 0.388715
-3.62963 -0.814815 0.364739
-3.55556 -0.814815 0.34146
-3.48148 -0.814815 0.318936
-3.40741 -0.814815 0.297203
-3.33333 -0.814815 0.276276
-3.25926 -0.814815 0.256152
-3.18519 -0.814815 0.236817
-3.11111 -0.814815 0.218244
-3.03704 -0.814815 0.200396
-2.96296 -0.814815 0.183233
-2.88889 -0.814815 0.166709
-2.81481 -0.814815 0.150774
-2.74074 -0.814815 0.135378
-2.66667 -0.814815 0.120471
-2.59259 -0.814815 0.106002
-2.51852 -0.814815 0.0919179
-2.44444 -0.814815 0.0781703
-2.37037 -0.814815 0.0647088
-2.2963 -0.814815 0.0514845
-2.22222 -0.814815 0.038449
-2.14815 -0.814815 0.0255545
-2.07407 -0.814815 0.0127539
-2 -0.814815 0
-6 -0.740741 1
-5.92593 -0.740741 0.986092
-5.85185 -0.740741 0.972135
-5.77778 -0.740741 0.958083
-5.7037 -0.740741 0.943887
-5.62963 -0.740741 0.929498
-5.55556 -0.740741 0.914869
-5.48148 -0.740741 0.89995
-5.40741 -0.740741 0.884694
-5.33333 -0.740741 0.869052
-5.25926 -0.740741 0.852975
-5.18519 -0.740741 0.836419
-5.11111 -0.740741 0.819337
-5.03704 -0.740741 0.801686
-4.96296 -0.740741 0.783429
-4.88889 -0.740741 0.76453
-4.81481 -0.740741 0.744964
-4.74074 -0.740741 0.72471
-4.66667 -0.740741 0.70376
-4.59259 -0.740741 0.682119
-4.51852 -0.740741 0.659807
-4.44444 -0.740741 0.63686
-4.37037 -0.740741 0.613331
-4.2963 -0.740741 0.589296
-4.22222 -0.740741 0.564845
-4.14815 -0.740741 0.540087
-4.07407 -0.740741 0.515143
-4 -0.740741 0.490142
-3.92593 -0.740741 0.465216
-3.85185 -0.740741 0.440495
-3.77778 -0.740741 0.4161
-3.7037 -0.740741 0.39214
-3.62963 -0.740741 0.368705
-3.55556 -0.740741 0.345871
-3.48148 -0.740741 0.323691
-3.40741 -0.740741 0.302204
-3.33333 -0.740741 0.281428
-3.25926 -0.740741 0.261369
-3.18519 -0.740741 0.24202
-3.11111 -0.740741 0.223362
-3.03704 -0.740741 0.205368
-2.96296 -0.740741 0.188006
-2.88889 -0.740741 0.171238
-2.81481 -0.740741 0.155021
-2.74074 -0.740741 0.139313
-2.66667 -0.740741 0.124068
-2.59259 -0.740741 0.109239
-2.51852 -0.740741 0.0947803
-2.44444 -0.740741 0.080644
-2.37037 -0.740741 0.0667837
-2.2963 -0.740741 0.0531528
-2.22222 -0.740741 0.0397049
-2.14815 -0.740741 0.026394
-2.07407 -0.740741 0.0131742
-2 -0.740741 0
-6 -0.666667 1
-5.92593 -0.666667 0.98571
-5.85185 -0.666667 0.971373
-5.77778 -0.666667 0.956944
-5.7037 -0.666667 0.942377
-5.62963 -0.666667 0.927626
-5.55556 -0.666667 0.912644
-5.48148 -0.666667 0.897386
-5.40741 -0.666667 0.881807
-5.33333 -0.666667 0.865863
-5.25926 -0.666667 0.849509
-5.18519 -0.666667 0.832706
-5.11111 -0.666667 0.815412
-5.03704 -0.666667 0.797592
-4.96296 -0.666667 0.779214
-4.88889 -0.666667 0.76025
-4.81481 -0.666667 0.740681
-4.74074 -0.666667 0.720493
-4.66667 -0.666667 0.699684
-4.59259 -0.666667 0.678265
-4.51852 -0.666667 0.656256
-4.44444 -0.666667 0.633693
-4.37037 -0.666667 0.61063
-4.2963 -0.666667 0.587131
-4.22222 -0.666667 0.563278
-4.14815 -0.666667 0.539166
-4.07407 -0.666667 0.514896
-4 -0.666667 0.49058
-3.92593 -0.666667 0.46633
-3.85185 -0.666667 0.442255
-3.77778 -0.666667 0.41846
-3.7037 -0.666667 0.395039
-3.62963 -0.666667 0.372072
-3.55556 -0.666667 0.349626
-3.48148 -0.666667 0.327754
-3.40741 -0.666667 0.306493
-3.33333 -0.666667 0.285864
-3.25926 -0.666667 0.265877
-3.18519 -0.666667 0.246532
-3.11111 -0.666667 0.227815
-3.03704 -0.666667 0.209709
-2.96296 -0.666667 0.192185
-2.88889 -0.666667 0.175215
-2.81481 -0.666667 0.158761
-2.74074 -0.666667 0.142785
-2.66667 -0.666667 0.127248
-2.59259 -0.666667 0.112108
-2.51852 -0.666667 0.09732
-2.44444 -0.666667 0.0828419
-2.37037 -0.666667 0.0686294
-2.2963 -0.666667 0.0546381
-2.22222 -0.666667 0.0408238
-2.14815 -0.666667 0.0271422
-2.07407 -0.666667 0.013549
-2 -0.666667 0
-6 -0.592593 1
-5.92593 -0.592593 0.985374
-5.85185 -0.592593 0.970703
-5.77778 -0.592593 0.955944
-5.7037 -0.592593 0.941052
-5.62963 -0.592593 0.925983
-5.55556 -0.592593 0.910695
-5.48148 -0.592593 0.895143
-5.40741 -0.592593 0.879285
-5.33333 -0.592593 0.863082
-5.25926 -0.592593 0.846494
-5.18519 -0.592593 0.829483
-5.11111 -0.592593 0.812014
-5.03704 -0.592593 0.794057
-4.96296 -0.592593 0.775585
-4.88889 -0.592593 0.756576
-4.81481 -0.592593 0.737016
-4.74074 -0.592593 0.716897
-4.66667 -0.592593 0.69622
-4.59259 -0.592593 0.674999
-4.51852 -0.592593 0.653257
-4.44444 -0.592593 0.631029
-4.37037 -0.592593 0.608363
-4.2963 -0.592593 0.58532
-4.22222 -0.592593 0.561972
-4.14815 -0.592593 0.538401
-4.07407 -0.592593 0.514696
-4 -0.592593 0.490953
-3.92593 -0.592593 0.467268
-3.85185 -0.592593 0.443736
-3.77778 -0.592593 0.420447
-3.7037 -0.592593 0.397483
-3.62963 -0.592593 0.374917
-3.55556 -0.592593 0.352809
-3.48148 -0.592593 0.331208
-3.40741 -0.592593 0.310149
-3.33333 -0.592593 0.289657
-3.25926 -0.592593 0.269745
-3.18519 -0.592593 0.250414
-3.11111 -0.592593 0.231659
-3.03704 -0.592593 0.213466
-2.96296 -0.592593 0.195813
-2.88889 -0.592593 0.178675
-2.81481 -0.592593 0.162021
-2.74074 -0.592593 0.145819
-2.66667 -0.592593 0.130033
-2.59259 -0.592593 0.114623
-2.51852 -0.592593 0.0995502
-2.44444 -0.592593 0.0847744
-2.37037 -0.592593 0.0702539
-2.2963 -0.592593 0.0559466
-2.22222 -0.592593 0.0418102
-2.14815 -0.592593 0.0278021
-2.07407 -0.592593 0.0138796
-2 -0.592593 0
-6 -0.518519 1
-5.92593 -0.518519 0.985082
-5.85185 -0.518519 0.970122
-5.77778 -0.518519 0.955077
-5.7037 -0.518519 0.939904
-5.62963 -0.518519 0.924562
-5.55556 -0.518519 0.909009
-5.48148 -0.518519 0.893205
-5.40741 -0.518519 0.87711
-5.33333 -0.518519 0.860688
-5.25926 -0.518519 0.843901
-5.18519 -0.518519 0.826717
-5.11111 -0.518519 0.809105
-5.03704 -0.518519 0.791038
-4.96296 -0.518519 0.772493
-4.88889 -0.518519 0.753454
-4.81481 -0.518519 0.73391
-4.74074 -0.518519 0.713858
-4.66667 -0.518519 0.693302
-4.59259 -0.518519 0.672256
-4.51852 -0.518519 0.650745
-4.44444 -0.518519 0.628803
-4.37037 -0.518519 0.606474
-4.2963 -0.518519 0.583815
-4.22222 -0.518519 0.560889
-4.14815 -0.518519 0.537769
-4.07407 -0.518519 0.514535
-4 -0.518519 0.491268
-3.92593 -0.518519 0.468054
-3.85185 -0.518519 0.444975
-3.77778 -0.518519 0.422109
-3.7037 -0.518519 0.399531
-3.62963 -0.518519 0.377304
-3.55556 -0.518519 0.355485
-3.48148 -0.518519 0.334118
-3.40741 -0.518519 0.313239
-3.33333 -0.518519 0.292871
-3.25926 -0.518519 0.27303
-3.18519 -0.518519 0.253721
-3.11111 -0.518519 0.234942
-3.03704 -0.518519 0.216682
-2.96296 -0.518519 0.198925
-2.88889 -0.518519 0.18165
-2.81481 -0.518519 0.164831
-2.74074 -0.518519 0.148439
-2.66667 -0.518519 0.13244
-2.59259 -0.518519 0.116801
-2.51852 -0.518519 0.101484
-2.44444 -0.518519 0.0864517
-2.37037 -0.518519 0.0716651
-2.2963 -0.518519 0.0570841
-2.22222 -0.518519 0.0426682
-2.14815 -0.518519 0.0283764
-2.07407 -0.518519 0.0141674
-2 -0.518519 0
-6 -0.444444 1
-5.92593 -0.444444 0.984834
-5.85185 -0.444444 0.969626
-5.77778 -0.444444 0.954337
-5.7037 -0.444444 0.938925
-5.62963 -0.444444 0.92335
-5.55556 -0.444444 0.907574
-5.48148 -0.444444 0.891557
-5.40741 -0.444444 0.875263
-5.33333 -0.444444 0.858658
-5.25926 -0.444444 0.841707
-5.18519 -0.444444 0.82438
-5.11111 -0.444444 0.806651
-5.03704 -0.444444 0.788496
-4.96296 -0.444444 0.769896
-4.88889 -0.444444 0.750837
-4.81481 -0.444444 0.731313
-4.74074 -0.444444 0.711322
-4.66667 -0.444444 0.690872
-4.59259 -0.444444 0.669978
-4.51852 -0.444444 0.648664
-4.44444 -0.444444 0.626963
-4.37037 -0.444444 0.604917
-4.2963 -0.444444 0.582576
-4.22222 -0.444444 0.56
-4.14815 -0.444444 0.537253
-4.07407 -0.444444 0.514406
-4 -0.444444 0.491532
-3.92593 -0.444444 0.468705
-3.85185 -0.444444 0.445999
-3.77778 -0.444444 0.423485
-3.7037 -0.444444 0.401227
-3.62963 -0.444444 0.379285
-3.55556 -0.444444 0.357709
-3.48148 -0.444444 0.336542
-3.40741 -0.444444 0.315817
-3.33333 -0.444444 0.295559
-3.25926 -0.444444 0.275784
-3.18519 -0.444444 0.2565
-3.11111 -0.444444 0.237706
-3.03704 -0.444444 0.219395
-2.96296 -0.444444 0.201556
-2.88889 -0.444444 0.18417
-2.81481 -0.444444 0.167215
-2.74074 -0.444444 0.150664
-2.66667 -0.444444 0.134488
-2.59259 -0.444444 0.118656
-2.51852 -0.444444 0.103133
-2.44444 -0.444444 0.0878836
-2.37037 -0.444444 0.0728709
-2.2963 -0.444444 0.0580567
-2.22222 -0.444444 0.0434021
-2.14815 -0.444444 0.0288678
-2.07407 -0.444444 0.0144138
-2 -0.444444 0
-6 -0.37037 1
-5.92593 -0.37037 0.984626
-5.85185 -0.37037 0.969213
-5.77778 -0.37037 0.95372
-5.7037 -0.37037 0.938109
-5.62963 -0.37037 0.922341
-5.55556 -0.37037 0.906379
-5.48148 -0.37037 0.890187
-5.40741 -0.37037 0.873729
-5.33333 -0.37037 0.856973
-5.25926 -0.37037 0.839887
-5.18519 -0.37037 0.822446
-5.11111 -0.37037 0.804623
-5.03704 -0.37037 0.786399
-4.96296 -0.37037 0.767757
-4.88889 -0.37037 0.748687
-4.81481 -0.37037 0.729183
-4.74074 -0.37037 0.709247
-4.66667 -0.37037 0.688888
-4.59259 -0.37037 0.668121
-4.51852 -0.37037 0.64697
-4.44444 -0.37037 0.625468
-4.37037 -0.37037 0.603653
-4.2963 -0.37037 0.581573
-4.22222 -0.37037 0.559282
-4.14815 -0.37037 0.536837
-4.07407 -0.37037 0.514304
-4 -0.37037 0.491748
-3.92593 -0.37037 0.469235
-3.85185 -0.37037 0.446833
-3.77778 -0.37037 0.424604
-3.7037 -0.37037 0.402608
-3.62963 -0.37037 0.380899
-3.55556 -0.37037 0.359524
-3.48148 -0.37037 0.338523
-3.40741 -0.37037 0.317929
-3.33333 -0.37037 0.297765
-3.25926 -0.37037 0.278048
-3.18519 -0.37037 0.258788
-3.11111 -0.37037 0.239986
-3.03704 -0.37037 0.221638
-2.96296 -0.37037 0.203734
-2.88889 -0.37037 0.186259
-2.81481 -0.37037 0.169194
-2.74074 -0.37037 0.152514
-2.66667 -0.37037 0.136193
-2.59259 -0.37037 0.120202
-2.51852 -0.37037 0.104509
-2.44444 -0.37037 0.089079
-2.37037 -0.37037 0.0738782
-2.2963 -0.37037 0.0588696
-2.22222 -0.37037 0.0440158
-2.14815 -0.37037 0.0292788
-2.07407 -0.37037 0.0146199
-2 -0.37037 0
-6 -0.296296 1
-5.92593 -0.296296 0.984458
-5.85185 -0.296296 0.968878
-5.77778 -0.296296 0.953222
-5.7037 -0.296296 0.93745
-5.62963 -0.296296 0.921527
-5.55556 -0.296296 0.905416
-5.48148 -0.296296 0.889082
-5.40741 -0.296296 0.872493
-5.33333 -0.296296 0.855617
-5.25926 -0.296296 0.838425
-5.18519 -0.296296 0.820893
-5.11111 -0.296296 0.802997
-5.03704 -0.296296 0.78472
-4.96296 -0.296296 0.766047
-4.88889 -0.296296 0.746969
-4.81481 -0.296296 0.727485
-4.74074 -0.296296 0.707595
-4.66667 -0.296296 0.687311
-4.59259 -0.296296 0.666648
-4.51852 -0.296296 0.645629
-4.44444 -0.296296 0.624286
-4.37037 -0.296296 0.602656
-4.2963 -0.296296 0.580783
-4.22222 -0.296296 0.558716
-4.14815 -0.296296 0.536511
-4.07407 -0.296296 0.514226
-4 -0.296296 0.49192
-3.92593 -0.296296 0.469656
-3.85185 -0.296296 0.447493
-3.77778 -0.296296 0.42549
-3.7037 -0.296296 0.403702
-3.62963 -0.296296 0.382179
-3.55556 -0.296296 0.360965
-3.48148 -0.296296 0.340099
-3.40741 -0.296296 0.31961
-3.33333 -0.296296 0.299523
-3.25926 -0.296296 0.279856
-3.18519 -0.296296 0.260617
-3.11111 -0.296296 0.241812
-3.03704 -0.296296 0.223436
-2.96296 -0.296296 0.205483
-2.88889 -0.296296 0.187939
-2.81481 -0.296296 0.170787
-2.74074 -0.296296 0.154005
-2.66667 -0.296296 0.137569
-2.59259 -0.296296 0.121451
-2.51852 -0.296296 0.10562
-2.44444 -0.296296 0.0900457
-2.37037 -0.296296 0.0746933
-2.2963 -0.296296 0.0595277
-2.22222 -0.296296 0.0445129
-2.14815 -0.296296 0.0296118
-2.07407 -0.296296 0.0147868
-2 -0.296296 0
-6 -0.222222 1
-5.92593 -0.222222 0.984329
-5.85185 -0.222222 0.968621
-5.77778 -0.222222 0.952838
-5.7037 -0.222222 0.936943
-5.62963 -0.222222 0.9209
-5.55556 -0.222222 0.904675
-5.48148 -0.222222 0.888233
-5.40741 -0.222222 0.871543
-5.33333 -0.222222 0.854576
-5.25926 -0.222222 0.837304
-5.18519 -0.222222 0.819703
-5.11111 -0.222222 0.801753
-5.03704 -0.222222 0.783436
-4.96296 -0.222222 0.764741
-4.88889 -0.222222 0.74566
-4.81481 -0.222222 0.726192
-4.74074 -0.222222 0.706339
-4.66667 -0.222222 0.686113
-4.59259 -0.222222 0.66553
-4.51852 -0.222222 0.644613
-4.44444 -0.222222 0.623391
-4.37037 -0.222222 0.601902
-4.2963 -0.222222 0.580186
-4.22222 -0.222222 0.55829
-4.14815 -0.222222 0.536266
-4.07407 -0.222222 0.514168
-4 -0.222222 0.492052
-3.92593 -0.222222 0.469975
-3.85185 -0.222222 0.447993
-3.77778 -0.222222 0.426162
-3.7037 -0.222222 0.404532
-3.62963 -0.222222 0.383151
-3.55556 -0.222222 0.36206
-3.48148 -0.222222 0.341296
-3.40741 -0.222222 0.320889
-3.33333 -0.222222 0.300863
-3.25926 -0.222222 0.281234
-3.18519 -0.222222 0.262014
-3.11111 -0.222222 0.243208
-3.03704 -0.222222 0.224813
-2.96296 -0.222222 0.206823
-2.88889 -0.222222 0.189228
-2.81481 -0.222222 0.17201
-2.74074 -0.222222 0.155151
-2.66667 -0.222222 0.138627
-2.59259 -0.222222 0.122411
-2.51852 -0.222222 0.106476
-2.44444 -0.222222 0.0907905
-2.37037 -0.222222 0.0753215
-2.2963 -0.222222 0.0600352
-2.22222 -0.222222 0.0448963
-2.14815 -0.222222 0.0298687
-2.07407 -0.222222 0.0149157
-2 -0.222222 0
-6 -0.148148 1
-5.92593 -0.148148 0.984238
-5.85185 -0.148148 0.968438
-5.77778 -0.148148 0.952566
-5.7037 -0.148148 0.936583
-5.62963 -0.148148 0.920456
-5.55556 -0.148148 0.90415
-5.48148 -0.148148 0.887632
-5.40741 -0.148148 0.870872
-5.33333 -0.148148 0.853841
-5.25926 -0.148148 0.836512
-5.18519 -0.148148 0.818863
-5.11111 -0.148148 0.800875
-5.03704 -0.148148 0.782532
-4.96296 -0.148148 0.763822
-4.88889 -0.148148 0.744739
-4.81481 -0.148148 0.725282
-4.74074 -0.148148 0.705457
-4.66667 -0.148148 0.685272
-4.59259 -0.148148 0.664746
-4.51852 -0.148148 0.643901
-4.44444 -0.148148 0.622765
-4.37037 -0.148148 0.601375
-4.2963 -0.148148 0.579769
-4.22222 -0.148148 0.557993
-4.14815 -0.148148 0.536095
-4.07407 -0.148148 0.514128
-4 -0.148148 0.492144
-3.92593 -0.148148 0.470199
-3.85185 -0.148148 0.448344
-3.77778 -0.148148 0.426633
-3.7037 -0.148148 0.405114
-3.62963 -0.148148 0.383832
-3.55556 -0.148148 0.362828
-3.48148 -0.148148 0.342137
-3.40741 -0.148148 0.321788
-3.33333 -0.148148 0.301805
-3.25926 -0.148148 0.282205
-3.18519 -0.148148 0.262999
-3.11111 -0.148148 0.244192
-3.03704 -0.148148 0.225784
-2.96296 -0.148148 0.20777
-2.88889 -0.148148 0.190138
-2.81481 -0.148148 0.172875
-2.74074 -0.148148 0.155962
-2.66667 -0.148148 0.139376
-2.59259 -0.148148 0.123092
-2.51852 -0.148148 0.107083
-2.44444 -0.148148 0.0913187
-2.37037 -0.148148 0.0757672
-2.2963 -0.148148 0.0603953
-2.22222 -0.148148 0.0451684
-2.14815 -0.148148 0.030051
-2.07407 -0.148148 0.0150071
-2 -0.148148 0
-6 -0.0740741 1
-5.92593 -0.0740741 0.984183
-5.85185 -0.0740741 0.968329
-5.77778 -0.0740741 0.952403
-5.7037 -0.0740741 0.936369
-5.62963 -0.0740741 0.920191
-5.55556 -0.0740741 0.903837
-5.48148 -0.0740741 0.887274
-5.40741 -0.0740741 0.870472
-5.33333 -0.0740741 0.853402
-5.25926 -0.0740741 0.83604
-5.18519 -0.0740741 0.818364
-5.11111 -0.0740741 0.800353
-5.03704 -0.0740741 0.781994
-4.96296 -0.0740741 0.763275
-4.88889 -0.0740741 0.744192
-4.81481 -0.0740741 0.724743
-4.74074 -0.0740741 0.704933
-4.66667 -0.0740741 0.684774
-4.59259 -0.0740741 0.664282
-4.51852 -0.0740741 0.643479
-4.44444 -0.0740741 0.622395
-4.37037 -0.0740741 0.601063
-4.2963 -0.0740741 0.579522
-4.22222 -0.0740741 0.557817
-4.14815 -0.0740741 0.535994
-4.07407 -0.0740741 0.514105
-4 -0.0740741 0.492199
-3.92593 -0.0740741 0.470331
-3.85185 -0.0740741 0.448552
-3.77778 -0.0740741 0.426912
-3.7037 -0.0740741 0.405459
-3.62963 -0.0740741 0.384236
-3.55556 -0.0740741 0.363284
-3.48148 -0.0740741 0.342636
-3.40741 -0.0740741 0.322322
-3.33333 -0.0740741 0.302364
-3.25926 -0.0740741 0.282781
-3.18519 -0.0740741 0.263584
-3.11111 -0.0740741 0.244777
-3.03704 -0.0740741 0.226362
-2.96296 -0.0740741 0.208333
-2.88889 -0.0740741 0.190681
-2.81481 -0.0740741 0.173391
-2.74074 -0.0740741 0.156445
-2.66667 -0.0740741 0.139822
-2.59259 -0.0740741 0.123498
-2.51852 -0.0740741 0.107445
-2.44444 -0.0740741 0.091634
-2.37037 -0.0740741 0.0760333
-2.2963 -0.0740741 0.0606103
-2.22222 -0.0740741 0.0453309
-2.14815 -0.0740741 0.03016
-2.07407 -0.0740741 0.0150618
-2 -0.0740741 0
-6 0 1
-5.92593 0 0.984165
-5.85185 0 0.968293
-5.77778 0 0.952349
-5.7037 0 0.936298
-5.62963 0 0.920103
-5.55556 0 0.903733
-5.48148 0 0.887155
-5.40741 0 0.870339
-5.33333 0 0.853257
-5.25926 0 0.835884
-5.18519 0 0.818198
-5.11111 0 0.80018
-5.03704 0 0.781815
-4.96296 0 0.763094
-4.88889 0 0.74401
-4.81481 0 0.724564
-4.74074 0 0.70476
-4.66667 0 0.684609
-4.59259 0 0.664128
-4.51852 0 0.64334
-4.44444 0 0.622272
-4.37037 0 0.60096
-4.2963 0 0.579441
-4.22222 0 0.557759
-4.14815 0 0.535961
-4.07407 0 0.514097
-4 0 0.492218
-3.92593 0 0.470375
-3.85185 0 0.448621
-3.77778 0 0.427004
-3.7037 0 0.405573
-3.62963 0 0.38437
-3.55556 0 0.363435
-3.48148 0 0.342801
-3.40741 0 0.322499
-3.33333 0 0.30255
-3.25926 0 0.282973
-3.18519 0 0.263778
-3.11111 0 0.244972
-3.03704 0 0.226554
-2.96296 0 0.20852
-2.88889 0 0.190861
-2.81481 0 0.173562
-2.74074 0 0.156606
-2.66667 0 0.139971
-2.59259 0 0.123633
-2.51852 0 0.107566
-2.44444 0 0.0917389
-2.37037 0 0.0761219
-2.2963 0 0.0606819
-2.22222 0 0.045385
-2.14815 0 0.0301962
-2.07407 0 0.0150799
-2 0 0
-6 0.0740741 1
-5.92593 0.0740741 0.984183
-5.85185 0.0740741 0.96833
-5.77778 0.0740741 0.952403
-5.7037 0.0740741 0.936369
-5.62963 0.0740741 0.920191
-5.55556 0.0740741 0.903837
-5.48148 0.0740741 0.887274
-5.40741 0.0740741 0.870472
-5.33333 0.0740741 0.853402
-5.25926 0.0740741 0.836041
-5.18519 0.0740741 0.818364
-5.11111 0.0740741 0.800353
-5.03704 0.0740741 0.781994
-4.96296 0.0740741 0.763276
-4.88889 0.0740741 0.744192
-4.81481 0.0740741 0.724743
-4.74074 0.0740741 0.704934
-4.66667 0.0740741 0.684774
-4.59259 0.0740741 0.664282
-4.51852 0.0740741 0.643479
-4.44444 0.0740741 0.622395
-4.37037 0.0740741 0.601063
-4.2963 0.0740741 0.579523
-4.22222 0.0740741 0.557817
-4.14815 0.0740741 0.535995
-4.07407 0.0740741 0.514105
-4 0.0740741 0.4922
-3.92593 0.0740741 0.470332
-3.85185 0.0740741 0.448552
-3.77778 0.0740741 0.426912
-3.7037 0.0740741 0.405459
-3.62963 0.0740741 0.384236
-3.55556 0.0740741 0.363284
-3.48148 0.0740741 0.342636
-3.40741 0.0740741 0.322322
-3.33333 0.0740741 0.302365
-3.25926 0.0740741 0.282782
-3.18519 0.0740741 0.263584
-3.11111 0.0740741 0.244778
-3.03704 0.0740741 0.226362
-2.96296 0.0740741 0.208333
-2.88889 0.0740741 0.190681
-2.81481 0.0740741 0.173391
-2.74074 0.0740741 0.156445
-2.66667 0.0740741 0.139823
-2.59259 0.0740741 0.123498
-2.51852 0.0740741 0.107445
-2.44444 0.0740741 0.0916341
-2.37037 0.0740741 0.0760334
-2.2963 0.0740741 0.0606104
-2.22222 0.0740741 0.045331
-2.14815 0.0740741 0.03016
-2.07407 0.0740741 0.0150618
-2 0.0740741 0
-6 0.148148 1
-5.92593 0.148148 0.984238
-5.85185 0.148148 0.968439
-5.77778 0.148148 0.952566
-5.7037 0.148148 0.936583
-5.62963 0.148148 0.920456
-5.55556 0.148148 0.90415
-5.48148 0.148148 0.887632
-5.40741 0.148148 0.870872
-5.33333 0.148148 0.853841
-5.25926 0.148148 0.836512
-5.18519 0.148148 0.818864
-5.11111 0.148148 0.800876
-5.03704 0.148148 0.782532
-4.96296 0.148148 0.763822
-4.88889 0.148148 0.74474
-4.81481 0.148148 0.725283
-4.74074 0.148148 0.705457
-4.66667 0.148148 0.685273
-4.59259 0.148148 0.664747
-4.51852 0.148148 0.643901
-4.44444 0.148148 0.622766
-4.37037 0.148148 0.601375
-4.2963 0.148148 0.579769
-4.22222 0.148148 0.557993
-4.14815 0.148148 0.536096
-4.07407 0.148148 0.514129
-4 0.148148 0.492145
-3.92593 0.148148 0.470199
-3.85185 0.148148 0.448345
-3.77778 0.148148 0.426634
-3.7037 0.148148 0.405115
-3.62963 0.148148 0.383833
-3.55556 0.148148 0.362829
-3.48148 0.148148 0.342138
-3.40741 0.148148 0.321789
-3.33333 0.148148 0.301806
-3.25926 0.148148 0.282205
-3.18519 0.148148 0.262999
-3.11111 0.148148 0.244192
-3.03704 0.148148 0.225784
-2.96296 0.148148 0.20777
-2.88889 0.148148 0.190139
-2.81481 0.148148 0.172876
-2.74074 0.148148 0.155962
-2.66667 0.148148 0.139376
-2.59259 0.148148 0.123092
-2.51852 0.148148 0.107083
-2.44444 0.148148 0.0913189
-2.37037 0.148148 0.0757674
-2.2963 0.148148 0.0603954
-2.22222 0.148148 0.0451685
-2.14815 0.148148 0.0300511
-2.07407 0.148148 0.0150072
-2 0.148148 0
-6 0.222222 1
-5.92593 0.222222 0.984329
-5.85185 0.222222 0.968621
-5.77778 0.222222 0.952838
-5.7037 0.222222 0.936943
-5.62963 0.222222 0.9209
-5.55556 0.222222 0.904675
-5.48148 0.222222 0.888233
-5.40741 0.222222 0.871544
-5.33333 0.222222 0.854577
-5.25926 0.222222 0.837305
-5.18519 0.222222 0.819704
-5.11111 0.222222 0.801754
-5.03704 0.222222 0.783437
-4.96296 0.222222 0.764742
-4.88889 0.222222 0.745661
-4.81481 0.222222 0.726192
-4.74074 0.222222 0.70634
-4.66667 0.222222 0.686114
-4.59259 0.222222 0.665531
-4.51852 0.222222 0.644614
-4.44444 0.222222 0.623392
-4.37037 0.222222 0.601903
-4.2963 0.222222 0.580187
-4.22222 0.222222 0.558291
-4.14815 0.222222 0.536267
-4.07407 0.222222 0.514169
-4 0.222222 0.492053
-3.92593 0.222222 0.469976
-3.85185 0.222222 0.447994
-3.77778 0.222222 0.426163
-3.7037 0.222222 0.404533
-3.62963 0.222222 0.383152
-3.55556 0.222222 0.362061
-3.48148 0.222222 0.341297
-3.40741 0.222222 0.32089
-3.33333 0.222222 0.300864
-3.25926 0.222222 0.281235
-3.18519 0.222222 0.262015
-3.11111 0.222222 0.243208
-3.03704 0.222222 0.224813
-2.96296 0.222222 0.206824
-2.88889 0.222222 0.189228
-2.81481 0.222222 0.172011
-2.74074 0.222222 0.155151
-2.66667 0.222222 0.138627
-2.59259 0.222222 0.122412
-2.51852 0.222222 0.106477
-2.44444 0.222222 0.0907909
-2.37037 0.222222 0.0753218
-2.2963 0.222222 0.0600354
-2.22222 0.222222 0.0448964
-2.14815 0.222222 0.0298688
-2.07407 0.222222 0.0149157
-2 0.222222 0
-6 0.296296 1
-5.92593 0.296296 0.984459
-5.85185 0.296296 0.968879
-5.77778 0.296296 0.953222
-5.7037 0.296296 0.93745
-5.62963 0.296296 0.921527
-5.55556 0.296296 0.905416
-5.48148 0.296296 0.889083
-5.40741 0.296296 0.872493
-5.33333 0.296296 0.855617
-5.25926 0.296296 0.838426
-5.18519 0.296296 0.820894
-5.11111 0.296296 0.802998
-5.03704 0.296296 0.784721
-4.96296 0.296296 0.766048
-4.88889 0.296296 0.746971
-4.81481 0.296296 0.727486
-4.74074 0.296296 0.707597
-4.66667 0.296296 0.687312
-4.59259 0.296296 0.666649
-4.51852 0.296296 0.64563
-4.44444 0.296296 0.624287
-4.37037 0.296296 0.602657
-4.2963 0.296296 0.580784
-4.22222 0.296296 0.558718
-4.14815 0.296296 0.536513
-4.07407 0.296296 0.514227
-4 0.296296 0.491922
-3.92593 0.296296 0.469657
-3.85185 0.296296 0.447494
-3.77778 0.296296 0.425492
-3.7037 0.296296 0.403704
-3.62963 0.296296 0.382181
-3.55556 0.296296 0.360967
-3.48148 0.296296 0.3401
-3.40741 0.296296 0.319611
-3.33333 0.296296 0.299524
-3.25926 0.296296 0.279857
-3.18519 0.296296 0.260618
-3.11111 0.296296 0.241813
-3.03704 0.296296 0.223437
-2.96296 0.296296 0.205484
-2.88889 0.296296 0.18794
-2.81481 0.296296 0.170788
-2.74074 0.296296 0.154006
-2.66667 0.296296 0.13757
-2.59259 0.296296 0.121451
-2.51852 0.296296 0.105621
-2.44444 0.296296 0.0900462
-2.37037 0.296296 0.0746937
-2.2963 0.296296 0.059528
-2.22222 0.296296 0.0445131
-2.14815 0.296296 0.029612
-2.07407 0.296296 0.0147869
-2 0.296296 0
-6 0.37037 1
-5.92593 0.37037 0.984626
-5.85185 0.37037 0.969213
-5.77778 0.37037 0.95372
-5.7037 0.37037 0.93811
-5.62963 0.37037 0.922342
-5.55556 0.37037 0.90638
-5.48148 0.37037 0.890188
-5.40741 0.37037 0.87373
-5.33333 0.37037 0.856973
-5.25926 0.37037 0.839888
-5.18519 0.37037 0.822447
-5.11111 0.37037 0.804624
-5.03704 0.37037 0.7864
-4.96296 0.37037 0.767758
-4.88889 0.37037 0.748688
-4.81481 0.37037 0.729184
-4.74074 0.37037 0.709249
-4.66667 0.37037 0.688889
-4.59259 0.37037 0.668123
-4.51852 0.37037 0.646972
-4.44444 0.37037 0.62547
-4.37037 0.37037 0.603655
-4.2963 0.37037 0.581575
-4.22222 0.37037 0.559283
-4.14815 0.37037 0.536839
-4.07407 0.37037 0.514306
-4 0.37037 0.491749
-3.92593 0.37037 0.469237
-3.85185 0.37037 0.446834
-3.77778 0.37037 0.424606
-3.7037 0.37037 0.40261
-3.62963 0.37037 0.380901
-3.55556 0.37037 0.359526
-3.48148 0.37037 0.338525
-3.40741 0.37037 0.31793
-3.33333 0.37037 0.297766
-3.25926 0.37037 0.278049
-3.18519 0.37037 0.258789
-3.11111 0.37037 0.239987
-3.03704 0.37037 0.221639
-2.96296 0.37037 0.203735
-2.88889 0.37037 0.18626
-2.81481 0.37037 0.169195
-2.74074 0.37037 0.152515
-2.66667 0.37037 0.136194
-2.59259 0.37037 0.120203
-2.51852 0.37037 0.104509
-2.44444 0.37037 0.0890796
-2.37037 0.37037 0.0738786
-2.2963 0.37037 0.05887
-2.22222 0.37037 0.0440161
-2.14815 0.37037 0.029279
-2.07407 0.37037 0.0146199
-2 0.37037 0
-6 0.444444 1
-5.92593 0.444444 0.984834
-5.85185 0.444444 0.969627
-5.77778 0.444444 0.954338
-5.7037 0.444444 0.938926
-5.62963 0.444444 0.923351
-5.55556 0.444444 0.907575
-5.48148 0.444444 0.891558
-5.40741 0.444444 0.875264
-5.33333 0.444444 0.858659
-5.25926 0.444444 0.841708
-5.18519 0.444444 0.824381
-5.11111 0.444444 0.806652
-5.03704 0.444444 0.788497
-4.96296 0.444444 0.769897
-4.88889 0.444444 0.750839
-4.81481 0.444444 0.731315
-4.74074 0.444444 0.711324
-4.66667 0.444444 0.690874
-4.59259 0.444444 0.66998
-4.51852 0.444444 0.648666
-4.44444 0.444444 0.626965
-4.37037 0.444444 0.604919
-4.2963 0.444444 0.582578
-4.22222 0.444444 0.560002
-4.14815 0.444444 0.537255
-4.07407 0.444444 0.514408
-4 0.444444 0.491534
-3.92593 0.444444 0.468707
-3.85185 0.444444 0.446001
-3.77778 0.444444 0.423487
-3.7037 0.444444 0.401229
-3.62963 0.444444 0.379287
-3.55556 0.444444 0.357711
-3.48148 0.444444 0.336544
-3.40741 0.444444 0.315819
-3.33333 0.444444 0.295561
-3.25926 0.444444 0.275786
-3.18519 0.444444 0.256501
-3.11111 0.444444 0.237707
-3.03704 0.444444 0.219397
-2.96296 0.444444 0.201557
-2.88889 0.444444 0.184171
-2.81481 0.444444 0.167216
-2.74074 0.444444 0.150665
-2.66667 0.444444 0.134489
-2.59259 0.444444 0.118657
-2.51852 0.444444 0.103134
-2.44444 0.444444 0.0878843
-2.37037 0.444444 0.0728714
-2.2963 0.444444 0.0580571
-2.22222 0.444444 0.0434024
-2.14815 0.444444 0.028868
-2.07407 0.444444 0.0144139
-2 0.444444 0
-6 0.518519 1
-5.92593 0.518519 0.985083
-5.85185 0.518519 0.970123
-5.77778 0.518519 0.955077
-5.7037 0.518519 0.939904
-5.62963 0.518519 0.924562
-5.55556 0.518519 0.909009
-5.48148 0.518519 0.893206
-5.40741 0.518519 0.877111
-5.33333 0.518519 0.860689
-5.25926 0.518519 0.843903
-5.18519 0.518519 0.826719
-5.11111 0.518519 0.809107
-5.03704 0.518519 0.791039
-4.96296 0.518519 0.772495
-4.88889 0.518519 0.753456
-4.81481 0.518519 0.733912
-4.74074 0.518519 0.71386
-4.66667 0.518519 0.693304
-4.59259 0.518519 0.672258
-4.51852 0.518519 0.650747
-4.44444 0.518519 0.628805
-4.37037 0.518519 0.606476
-4.2963 0.518519 0.583817
-4.22222 0.518519 0.560891
-4.14815 0.518519 0.537772
-4.07407 0.518519 0.514537
-4 0.518519 0.491271
-3.92593 0.518519 0.468056
-3.85185 0.518519 0.444977
-3.77778 0.518519 0.422112
-3.7037 0.518519 0.399533
-3.62963 0.518519 0.377307
-3.55556 0.518519 0.355487
-3.48148 0.518519 0.33412
-3.40741 0.518519 0.313241
-3.33333 0.518519 0.292873
-3.25926 0.518519 0.273032
-3.18519 0.518519 0.253723
-3.11111 0.518519 0.234944
-3.03704 0.518519 0.216684
-2.96296 0.518519 0.198927
-2.88889 0.518519 0.181652
-2.81481 0.518519 0.164832
-2.74074 0.518519 0.14844
-2.66667 0.518519 0.132441
-2.59259 0.518519 0.116802
-2.51852 0.518519 0.101485
-2.44444 0.518519 0.0864525
-2.37037 0.518519 0.0716658
-2.2963 0.518519 0.0570846
-2.22222 0.518519 0.0426686
-2.14815 0.518519 0.0283766
-2.07407 0.518519 0.0141676
-2 0.518519 0
-6 0.592593 1
-5.92593 0.592593 0.985374
-5.85185 0.592593 0.970704
-5.77778 0.592593 0.955945
-5.7037 0.592593 0.941053
-5.62963 0.592593 0.925984
-5.55556 0.592593 0.910695
-5.48148 0.592593 0.895144
-5.40741 0.592593 0.879287
-5.33333 0.592593 0.863084
-5.25926 0.592593 0.846495
-5.18519 0.592593 0.829484
-5.11111 0.592593 0.812016
-5.03704 0.592593 0.794059
-4.96296 0.592593 0.775587
-4.88889 0.592593 0.756578
-4.81481 0.592593 0.737018
-4.74074 0.592593 0.716899
-4.66667 0.592593 0.696223
-4.59259 0.592593 0.675002
-4.51852 0.592593 0.65326
-4.44444 0.592593 0.631032
-4.37037 0.592593 0.608366
-4.2963 0.592593 0.585323
-4.22222 0.592593 0.561975
-4.14815 0.592593 0.538403
-4.07407 0.592593 0.514699
-4 0.592593 0.490956
-3.92593 0.592593 0.467271
-3.85185 0.592593 0.443739
-3.77778 0.592593 0.42045
-3.7037 0.592593 0.397486
-3.62963 0.592593 0.37492
-3.55556 0.592593 0.352811
-3.48148 0.592593 0.33121
-3.40741 0.592593 0.310151
-3.33333 0.592593 0.289659
-3.25926 0.592593 0.269747
-3.18519 0.592593 0.250416
-3.11111 0.592593 0.231661
-3.03704 0.592593 0.213467
-2.96296 0.592593 0.195814
-2.88889 0.592593 0.178676
-2.81481 0.592593 0.162023
-2.74074 0.592593 0.145821
-2.66667 0.592593 0.130034
-2.59259 0.592593 0.114624
-2.51852 0.592593 0.0995512
-2.44444 0.592593 0.0847752
-2.37037 0.592593 0.0702546
-2.2963 0.592593 0.0559471
-2.22222 0.592593 0.0418106
-2.14815 0.592593 0.0278024
-2.07407 0.592593 0.0138798
-2 0.592593 0
-6 0.666667 1
-5.92593 0.666667 0.98571
-5.85185 0.666667 0.971373
-5.77778 0.666667 0.956945
-5.7037 0.666667 0.942378
-5.62963 0.666667 0.927626
-5.55556 0.666667 0.912645
-5.48148 0.666667 0.897387
-5.40741 0.666667 0.881808
-5.33333 0.666667 0.865864
-5.25926 0.666667 0.849511
-5.18519 0.666667 0.832707
-5.11111 0.666667 0.815414
-5.03704 0.666667 0.797594
-4.96296 0.666667 0.779216
-4.88889 0.666667 0.760253
-4.81481 0.666667 0.740683
-4.74074 0.666667 0.720495
-4.66667 0.666667 0.699687
-4.59259 0.666667 0.678267
-4.51852 0.666667 0.656258
-4.44444 0.666667 0.633696
-4.37037 0.666667 0.610632
-4.2963 0.666667 0.587134
-4.22222 0.666667 0.563281
-4.14815 0.666667 0.539168
-4.07407 0.666667 0.514899
-4 0.666667 0.490583
-3.92593 0.666667 0.466333
-3.85185 0.666667 0.442258
-3.77778 0.666667 0.418463
-3.7037 0.666667 0.395042
-3.62963 0.666667 0.372074
-3.55556 0.666667 0.349629
-3.48148 0.666667 0.327757
-3.40741 0.666667 0.306495
-3.33333 0.666667 0.285866
-3.25926 0.666667 0.26588
-3.18519 0.666667 0.246534
-3.11111 0.666667 0.227817
-3.03704 0.666667 0.20971
-2.96296 0.666667 0.192187
-2.88889 0.666667 0.175216
-2.81481 0.666667 0.158762
-2.74074 0.666667 0.142787
-2.66667 0.666667 0.12725
-2.59259 0.666667 0.112109
-2.51852 0.666667 0.097321
-2.44444 0.666667 0.0828428
-2.37037 0.666667 0.0686302
-2.2963 0.666667 0.0546387
-2.22222 0.666667 0.0408243
-2.14815 0.666667 0.0271425
-2.07407 0.666667 0.0135492
-2 0.666667 0
-6 0.740741 1
-5.92593 0.740741 0.986092
-5.85185 0.740741 0.972136
-5.77778 0.740741 0.958084
-5.7037 0.740741 0.943887
-5.62963 0.740741 0.929499
-5.55556 0.740741 0.91487
-5.48148 0.740741 0.899952
-5.40741 0.740741 0.884695
-5.33333 0.740741 0.869053
-5.25926 0.740741 0.852977
-5.18519 0.740741 0.836421
-5.11111 0.740741 0.819339
-5.03704 0.740741 0.801688
-4.96296 0.740741 0.783431
-4.88889 0.740741 0.764533
-4.81481 0.740741 0.744966
-4.74074 0.740741 0.724712
-4.66667 0.740741 0.703763
-4.59259 0.740741 0.682122
-4.51852 0.740741 0.65981
-4.44444 0.740741 0.636862
-4.37037 0.740741 0.613334
-4.2963 0.740741 0.589299
-4.22222 0.740741 0.564848
-4.14815 0.740741 0.54009
-4.07407 0.740741 0.515146
-4 0.740741 0.490145
-3.92593 0.740741 0.465219
-3.85185 0.740741 0.440498
-3.77778 0.740741 0.416103
-3.7037 0.740741 0.392143
-3.62963 0.740741 0.368708
-3.55556 0.740741 0.345873
-3.48148 0.740741 0.323694
-3.40741 0.740741 0.302206
-3.33333 0.740741 0.281431
-3.25926 0.740741 0.261372
-3.18519 0.740741 0.242022
-3.11111 0.740741 0.223364
-3.03704 0.740741 0.20537
-2.96296 0.740741 0.188008
-2.88889 0.740741 0.171239
-2.81481 0.740741 0.155023
-2.74074 0.740741 0.139315
-2.66667 0.740741 0.124069
-2.59259 0.740741 0.109241
-2.51852 0.740741 0.0947814
-2.44444 0.740741 0.080645
-2.37037 0.740741 0.0667845
-2.2963 0.740741 0.0531534
-2.22222 0.740741 0.0397054
-2.14815 0.740741 0.0263943
-2.07407 0.740741 0.0131744
-2 0.740741 0
-6 0.814815 1
-5.92593 0.814815 0.986522
-5.85185 0.814815 0.972994
-5.77778 0.814815 0.959366
-5.7037 0.814815 0.945589
-5.62963 0.814815 0.931613
-5.55556 0.814815 0.917385
-5.48148 0.814815 0.902854
-5.40741 0.814815 0.887969
-5.33333 0.814815 0.872676
-5.25926 0.814815 0.856924
-5.18519 0.814815 0.84066
-5.11111 0.814815 0.823831
-5.03704 0.814815 0.80639
-4.96296 0.814815 0.788287
-4.88889 0.814815 0.769482
-4.81481 0.814815 0.749937
-4.74074 0.814815 0.729625
-4.66667 0.814815 0.70853
-4.59259 0.814815 0.686649
-4.51852 0.814815 0.663997
-4.44444 0.814815 0.64061
-4.37037 0.814815 0.616544
-4.2963 0.814815 0.59188
-4.22222 0.814815 0.566723
-4.14815 0.814815 0.541199
-4.07407 0.814815 0.515451
-4 0.814815 0.489632
-3.92593 0.814815 0.463901
-3.85185 0.814815 0.438413
-3.77778 0.814815 0.41331
-3.7037 0.814815 0.388718
-3.62963 0.814815 0.364742
-3.55556 0.814815 0.341463
-3.48148 0.814815 0.318939
-3.40741 0.814815 0.297206
-3.33333 0.814815 0.276278
-3.25926 0.814815 0.256155
-3.18519 0.814815 0.23682
-3.11111 0.814815 0.218246
-3.03704 0.814815 0.200399
-2.96296 0.814815 0.183235
-2.88889 0.814815 0.166711
-2.81481 0.814815 0.150776
-2.74074 0.814815 0.13538
-2.66667 0.814815 0.120473
-2.59259 0.814815 0.106003
-2.51852 0.814815 0.0919191
-2.44444 0.814815 0.0781713
-2.37037 0.814815 0.0647096
-2.2963 0.814815 0.0514851
-2.22222 0.814815 0.0384495
-2.14815 0.814815 0.0255549
-2.07407 0.814815 0.012754
-2 0.814815 0
-6 0.888889 1
-5.92593 0.888889 0.987001
-5.85185 0.888889 0.973951
-5.77778 0.888889 0.960799
-5.7037 0.888889 0.947491
-5.62963 0.888889 0.933977
-5.55556 0.888889 0.920202
-5.48148 0.888889 0.906111
-5.40741 0.888889 0.891649
-5.33333 0.888889 0.876759
-5.25926 0.888889 0.861383
-5.18519 0.888889 0.845462
-5.11111 0.888889 0.828938
-5.03704 0.888889 0.811751
-4.96296 0.888889 0.793847
-4.88889 0.888889 0.77517
-4.81481 0.888889 0.755675
-4.74074 0.888889 0.735322
-4.66667 0.888889 0.714083
-4.59259 0.888889 0.691947
-4.51852 0.888889 0.668921
-4.44444 0.888889 0.645036
-4.37037 0.888889 0.620351
-4.2963 0.888889 0.594954
-4.22222 0.888889 0.568965
-4.14815 0.888889 0.542532
-4.07407 0.888889 0.515825
-4 0.888889 0.489031
-3.92593 0.888889 0.462341
-3.85185 0.888889 0.435942
-3.77778 0.888889 0.410005
-3.7037 0.888889 0.384677
-3.62963 0.888889 0.360079
-3.55556 0.888889 0.336298
-3.48148 0.888889 0.313394
-3.40741 0.888889 0.2914
-3.33333 0.888889 0.270322
-3.25926 0.888889 0.25015
-3.18519 0.888889 0.230856
-3.11111 0.888889 0.212403
-3.03704 0.888889 0.194743
-2.96296 0.888889 0.177825
-2.88889 0.888889 0.161592
-2.81481 0.888889 0.145989
-2.74074 0.888889 0.130957
-2.66667 0.888889 0.116439
-2.59259 0.888889 0.102379
-2.51852 0.888889 0.088721
-2.44444 0.888889 0.0754114
-2.37037 0.888889 0.0623976
-2.2963 0.888889 0.049628
-2.22222 0.888889 0.0370525
-2.14815 0.888889 0.0246217
-2.07407 0.888889 0.0122869
-2 0.888889 0
-6 0.962963 1
-5.92593 0.962963 0.987532
-5.85185 0.962963 0.975011
-5.77778 0.962963 0.962386
-5.7037 0.962963 0.949601
-5.62963 0.962963 0.936603
-5.55556 0.962963 0.923335
-5.48148 0.962963 0.90974
-5.40741 0.962963 0.895758
-5.33333 0.962963 0.881329
-5.25926 0.962963 0.866388
-5.18519 0.962963 0.850869
-5.11111 0.962963 0.834707
-5.03704 0.962963 0.817832
-4.96296 0.962963 0.800178
-4.88889 0.962963 0.781678
-4.81481 0.962963 0.762271
-4.74074 0.962963 0.741905
-4.66667 0.962963 0.720535
-4.59259 0.962963 0.698135
-4.51852 0.962963 0.674703
-4.44444 0.962963 0.650262
-4.37037 0.962963 0.624869
-4.2963 0.962963 0.598621
-4.22222 0.962963 0.571652
-4.14815 0.962963 0.544139
-4.07407 0.962963 0.516288
-4 0.962963 0.488326
-3.92593 0.962963 0.46049
-3.85185 0.962963 0.43301
-3.77778 0.962963 0.406091
-3.7037 0.962963 0.379908
-3.62963 0.962963 0.354597
-3.55556 0.962963 0.330256
-3.48148 0.962963 0.306941
-3.40741 0.962963 0.284677
-3.33333 0.962963 0.26346
-3.25926 0.962963 0.243266
-3.18519 0.962963 0.224052
-3.11111 0.962963 0.205766
-3.03704 0.962963 0.188346
-2.96296 0.962963 0.171728
-2.88889 0.962963 0.155845
-2.81481 0.962963 0.140631
-2.74074 0.962963 0.12602
-2.66667 0.962963 0.111948
-2.59259 0.962963 0.0983527
-2.51852 0.962963 0.0851745
-2.44444 0.962963 0.0723559
-2.37037 0.962963 0.0598412
-2.2963 0.962963 0.047577
-2.22222 0.962963 0.035511
-2.14815 0.962963 0.0235925
-2.07407 0.962963 0.0117719
-2 0.962963 0
-6 1.03704 1
-5.92593 1.03704 0.988115
-5.85185 1.03704 0.976177
-5.77778 1.03704 0.964131
-5.7037 1.03704 0.951924
-5.62963 1.03704 0.939498
-5.55556 1.03704 0.926795
-5.48148 1.03704 0.913755
-5.40741 1.03704 0.900316
-5.33333 1.03704 0.88641
-5.25926 1.03704 0.871969
-5.18519 1.03704 0.85692
-5.11111 1.03704 0.841187
-5.03704 1.03704 0.824692
-4.96296 1.03704 0.807354
-4.88889 1.03704 0.789092
-4.81481 1.03704 0.769828
-4.74074 1.03704 0.74949
-4.66667 1.03704 0.728015
-4.59259 1.03704 0.705357
-4.51852 1.03704 0.681495
-4.44444 1.03704 0.65644
-4.37037 1.03704 0.630243
-4.2963 1.03704 0.603007
-4.22222 1.03704 0.574885
-4.14815 1.03704 0.546085
-4.07407 1.03704 0.51686
-4 1.03704 0.487495
-3.92593 1.03704 0.458285
-3.85185 1.03704 0.429516
-3.77778 1.03704 0.40144
-3.7037 1.03704 0.374266
-3.62963 1.03704 0.348148
-3.55556 1.03704 0.323187
-3.48148 1.03704 0.299436
-3.40741 1.03704 0.276906
-3.33333 1.03704 0.255577
-3.25926 1.03704 0.235403
-3.18519 1.03704 0.216322
-3.11111 1.03704 0.198262
-3.03704 1.03704 0.181147
-2.96296 1.03704 0.164895
-2.88889 1.03704 0.149429
-2.81481 1.03704 0.13467
-2.74074 1.03704 0.120544
-2.66667 1.03704 0.10698
-2.59259 1.03704 0.0939095
-2.51852 1.03704 0.0812687
-2.44444 1.03704 0.0689964
-2.37037 1.03704 0.0570346
-2.2963 1.03704 0.0453276
-2.22222 1.03704 0.0338218
-2.14815 1.03704 0.0224655
-2.07407 1.03704 0.0112081
-2 1.03704 0
-6 1.11111 1
-5.92593 1.11111 0.988752
-5.85185 1.11111 0.97745
-5.77778 1.11111 0.96604
-5.7037 1.11111 0.954465
-5.62963 1.11111 0.942669
-5.55556 1.11111 0.930592
-5.48148 1.11111 0.91817
-5.40741 1.11111 0.905339
-5.33333 1.11111 0.892027
-5.25926 1.11111 0.878159
-5.18519 1.11111 0.863655
-5.11111 1.11111 0.848431
-5.03704 1.11111 0.832395
-4.96296 1.11111 0.815454
-4.88889 1.11111 0.797509
-4.81481 1.11111 0.77846
-4.74074 1.11111 0.758213
-4.66667 1.11111 0.736678
-4.59259 1.11111 0.713783
-4.51852 1.11111 0.68948
-4.44444 1.11111 0.663759
-4.37037 1.11111 0.636658
-4.2963 1.11111 0.608279
-4.22222 1.11111 0.578796
-4.14815 1.11111 0.548456
-4.07407 1.11111 0.517573
-4 1.11111 0.486508
-3.92593 1.11111 0.45564
-3.85185 1.11111 0.425329
-3.77778 1.11111 0.395889
-3.7037 1.11111 0.367569
-3.62963 1.11111 0.340541
-3.55556 1.11111 0.314909
-3.48148 1.11111 0.29071
-3.40741 1.11111 0.267936
-3.33333 1.11111 0.246539
-3.25926 1.11111 0.226446
-3.18519 1.11111 0.207569
-3.11111 1.11111 0.189815
-3.03704 1.11111 0.173084
-2.96296 1.11111 0.157279
-2.88889 1.11111 0.142306
-2.81481 1.11111 0.128077
-2.74074 1.11111 0.114507
-2.66667 1.11111 0.101518
-2.59259 1.11111 0.0890367
-2.51852 1.11111 0.0769943
-2.44444 1.11111 0.0653266
-2.37037 1.11111 0.0539732
-2.2963 1.11111 0.042877
-2.22222 1.11111 0.0319833
-2.14815 1.11111 0.0212396
-2.07407 1.11111 0.0105951
-2 1.11111 0
-6 1.18519 1
-5.92593 1.18519 0.989443
-5.85185 1.18519 0.978831
-5.77778 1.18519 0.968112
-5.7037 1.18519 0.957228
-5.62963 1.18519 0.946122
-5.55556 1.18519 0.934733
-5.48148 1.18519 0.922996
-5.40741 1.18519 0.910843
-5.33333 1.18519 0.898199
-5.25926 1.18519 0.884984
-5.18519 1.18519 0.871111
-5.11111 1.18519 0.856486
-5.03704 1.18519 0.841005
-4.96296 1.18519 0.824558
-4.88889 1.18519 0.807028
-4.81481 1.18519 0.788291
-4.74074 1.18519 0.768223
-4.66667 1.18519 0.746701
-4.59259 1.18519 0.723617
-4.51852 1.18519 0.698884
-4.44444 1.18519 0.672458
-4.37037 1.18519 0.644351
-4.2963 1.18519 0.614656
-4.22222 1.18519 0.583564
-4.14815 1.18519 0.551369
-4.07407 1.18519 0.518467
-4 1.18519 0.485326
-3.92593 1.18519 0.452438
-3.85185 1.18519 0.42027
-3.77778 1.18519 0.389218
-3.7037 1.18519 0.359578
-3.62963 1.18519 0.33154
-3.55556 1.18519 0.305196
-3.48148 1.18519 0.280561
-3.40741 1.18519 0.257589
-3.33333 1.18519 0.236196
-3.25926 1.18519 0.216272
-3.18519 1.18519 0.197696
-3.11111 1.18519 0.180344
-3.03704 1.18519 0.164094
-2.96296 1.18519 0.148829
-2.88889 1.18519 0.13444
-2.81481 1.18519 0.120824
-2.74074 1.18519 0.107889
-2.66667 1.18519 0.0955487
-2.59259 1.18519 0.0837249
-2.51852 1.18519 0.0723452
-2.44444 1.18519 0.0613425
-2.37037 1.18519 0.0506548
-2.2963 1.18519 0.0402239
-2.22222 1.18519 0.0299946
-2.14815 1.18519 0.0199145
-2.07407 1.18519 0.0099328
-2 1.18519 0
-6 1.25926 1
-5.92593 1.25926 0.990187
-5.85185 1.25926 0.980321
-5.77778 1.25926 0.970349
-5.7037 1.25926 0.960214
-5.62963 1.25926 0.949858
-5.55556 1.25926 0.939222
-5.48148 1.25926 0.928238
-5.40741 1.25926 0.916838
-5.33333 1.25926 0.904942
-5.25926 1.25926 0.892468
-5.18519 1.25926 0.87932
-5.11111 1.25926 0.865396
-5.03704 1.25926 0.85058
-4.96296 1.25926 0.834746
-4.88889 1.25926 0.817754
-4.81481 1.25926 0.799454
-4.74074 1.25926 0.779687
-4.66667 1.25926 0.758288
-4.59259 1.25926 0.735099
-4.51852 1.25926 0.709982
-4.44444 1.25926 0.682837
-4.37037 1.25926 0.653631
-4.2963 1.25926 0.622431
-4.22222 1.25926 0.589433
-4.14815 1.25926 0.55499
-4.07407 1.25926 0.519602
-4 1.25926 0.48389
-3.92593 1.25926 0.448515
-3.85185 1.25926 0.414096
-3.77778 1.25926 0.381136
-3.7037 1.25926 0.349987
-3.62963 1.25926 0.320844
-3.55556 1.25926 0.293775
-3.48148 1.25926 0.268748
-3.40741 1.25926 0.245664
-3.33333 1.25926 0.224384
-3.25926 1.25926 0.204749
-3.18519 1.25926 0.186599
-3.11111 1.25926 0.169772
-3.03704 1.25926 0.15412
-2.96296 1.25926 0.139505
-2.88889 1.25926 0.125799
-2.81481 1.25926 0.11289
-2.74074 1.25926 0.100676
-2.66667 1.25926 0.0890631
-2.59259 1.25926 0.0779693
-2.51852 1.25926 0.067319
-2.44444 1.25926 0.0570435
-2.37037 1.25926 0.0470797
-2.2963 1.25926 0.0373691
-2.22222 1.25926 0.0278569
-2.14815 1.25926 0.018491
-2.07407 1.25926 0.00922156
-2 1.25926 0
-6 1.33333 1
-5.92593 1.33333 0.990985
-5.85185 1.33333 0.981918
-5.77778 1.33333 0.972748
-5.7037 1.33333 0.963419
-5.62963 1.33333 0.953876
-5.55556 1.33333 0.944057
-5.48148 1.33333 0.933898
-5.40741 1.33333 0.923327
-5.33333 1.33333 0.912265
-5.25926 1.33333 0.900624
-5.18519 1.33333 0.888305
-5.11111 1.33333 0.875197
-5.03704 1.33333 0.861174
-4.96296 1.33333 0.846091
-4.88889 1.33333 0.829789
-4.81481 1.33333 0.812085
-4.74074 1.33333 0.792782
-4.66667 1.33333 0.771664
-4.59259 1.33333 0.748511
-4.51852 1.33333 0.723108
-4.44444 1.33333 0.695277
-4.37037 1.33333 0.664906
-4.2963 1.33333 0.632003
-4.22222 1.33333 0.59675
-4.14815 1.33333 0.559554
-4.07407 1.33333 0.521062
-4 1.33333 0.482117
-3.92593 1.33333 0.443636
-3.85185 1.33333 0.406463
-3.77778 1.33333 0.371245
-3.7037 1.33333 0.338387
-3.62963 1.33333 0.308074
-3.55556 1.33333 0.280313
-3.48148 1.33333 0.254993
-3.40741 1.33333 0.231935
-3.33333 1.33333 0.210926
-3.25926 1.33333 0.191744
-3.18519 1.33333 0.174177
-3.11111 1.33333 0.158026
-3.03704 1.33333 0.14311
-2.96296 1.33333 0.12927
-2.88889 1.33333 0.116362
-2.81481 1.33333 0.104263
-2.74074 1.33333 0.0928608
-2.66667 1.33333 0.0820588
-2.59259 1.33333 0.0717702
-2.51852 1.33333 0.061918
-2.44444 1.33333 0.0524327
-2.37037 1.33333 0.0432514
-2.2963 1.33333 0.034316
-2.22222 1.33333 0.0255728
-2.14815 1.33333 0.0169711
-2.07407 1.33333 0.00846244
-2 1.33333 0
-6 1.40741 1
-5.92593 1.40741 0.991834
-5.85185 1.40741 0.983619
-5.77778 1.40741 0.975304
-5.7037 1.40741 0.966839
-5.62963 1.40741 0.958169
-5.55556 1.40741 0.949234
-5.48148 1.40741 0.93997
-5.40741 1.40741 0.930308
-5.33333 1.40741 0.920167
-5.25926 1.40741 0.909459
-5.18519 1.40741 0.89808
-5.11111 1.40741 0.885915
-5.03704 1.40741 0.872826
-4.96296 1.40741 0.858657
-4.88889 1.40741 0.843224
-4.81481 1.40741 0.826316
-4.74074 1.40741 0.807691
-4.66667 1.40741 0.787076
-4.59259 1.40741 0.764171
-4.51852 1.40741 0.738664
-4.44444 1.40741 0.710258
-4.37037 1.40741 0.678713
-4.2963 1.40741 0.643924
-4.22222 1.40741 0.60601
-4.14815 1.40741 0.565415
-4.07407 1.40741 0.522977
-4 1.40741 0.479878
-3.92593 1.40741 0.43745
-3.85185 1.40741 0.396876
-3.77778 1.40741 0.358992
-3.7037 1.40741 0.324244
-3.62963 1.40741 0.292752
-3.55556 1.40741 0.264409
-3.48148 1.40741 0.238977
-3.40741 1.40741 0.216157
-3.33333 1.40741 0.195639
-3.25926 1.40741 0.177124
-3.18519 1.40741 0.16034
-3.11111 1.40741 0.145043
-3.03704 1.40741 0.131025
-2.96296 1.40741 0.118102
-2.88889 1.40741 0.106118
-2.81481 1.40741 0.094938
-2.74074 1.40741 0.084446
-2.66667 1.40741 0.0745409
-2.59259 1.40741 0.0651348
-2.51852 1.40741 0.0561501
-2.44444 1.40741 0.0475182
-2.37037 1.40741 0.0391771
-2.2963 1.40741 0.0310707
-2.22222 1.40741 0.0231472
-2.14815 1.40741 0.015358
-2.07407 1.40741 0.00765714
-2 1.40741 0
-6 1.48148 1
-5.92593 1.48148 0.992732
-5.85185 1.48148 0.985418
-5.77778 1.48148 0.978012
-5.7037 1.48148 0.970465
-5.62963 1.48148 0.962726
-5.55556 1.48148 0.954738
-5.48148 1.48148 0.946441
-5.40741 1.48148 0.937766
-5.33333 1.48148 0.928636
-5.25926 1.48148 0.918963
-5.18519 1.48148 0.908643
-5.11111 1.48148 0.897556
-5.03704 1.48148 0.88556
-4.96296 1.48148 0.872487
-4.88889 1.48148 0.858135
-4.81481 1.48148 0.842265
-4.74074 1.48148 0.824591
-4.66667 1.48148 0.804777
-4.59259 1.48148 0.782432
-4.51852 1.48148 0.757119
-4.44444 1.48148 0.728376
-4.37037 1.48148 0.695766
-4.2963 1.48148 0.658972
-4.22222 1.48148 0.617949
-4.14815 1.48148 0.573119
-4.07407 1.48148 0.525551
-4 1.48148 0.476969
-3.92593 1.48148 0.42941
-3.85185 1.48148 0.384599
-3.77778 1.48148 0.343603
-3.7037 1.48148 0.306846
-3.62963 1.48148 0.274282
-3.55556 1.48148 0.245594
-3.48148 1.48148 0.220347
-3.40741 1.48148 0.198078
-3.33333 1.48148 0.178351
-3.25926 1.48148 0.160775
-3.18519 1.48148 0.145014
-3.11111 1.48148 0.130783
-3.03704 1.48148 0.117844
-2.96296 1.48148 0.105995
-2.88889 1.48148 0.0950692
-2.81481 1.48148 0.0849254
-2.74074 1.48148 0.0754443
-2.66667 1.48148 0.0665242
-2.59259 1.48148 0.0580779
-2.51852 1.48148 0.0500296
-2.44444 1.48148 0.0423127
-2.37037 1.48148 0.0348682
-2.2963 1.48148 0.0276426
-2.22222 1.48148 0.0205873
-2.14815 1.48148 0.0136567
-2.07407 1.48148 0.00680809
-2 1.48148 0
-6 1.55556 1
-5.92593 1.55556 0.993676
-5.85185 1.55556 0.98731
-5.77778 1.55556 0.980861
-5.7037 1.55556 0.974284
-5.62963 1.55556 0.967531
-5.55556 1.55556 0.960552
-5.48148 1.55556 0.95329
-5.40741 1.55556 0.94568
-5.33333 1.55556 0.93765
-5.25926 1.55556 0.929114
-5.18519 1.55556 0.919972
-5.11111 1.55556 0.910105
-5.03704 1.55556 0.899371
-4.96296 1.55556 0.887594
-4.88889 1.55556 0.874564
-4.81481 1.55556 0.860017
-4.74074 1.55556 0.843632
-4.66667 1.55556 0.825009
-4.59259 1.55556 0.803662
-4.51852 1.55556 0.779005
-4.44444 1.55556 0.750361
-4.37037 1.55556 0.717002
-4.2963 1.55556 0.678249
-4.22222 1.55556 0.633695
-4.14815 1.55556 0.583562
-4.07407 1.55556 0.52914
-4 1.55556 0.473037
-3.92593 1.55556 0.418623
-3.85185 1.55556 0.368505
-3.77778 1.55556 0.323976
-3.7037 1.55556 0.285255
-3.62963 1.55556 0.251935
-3.55556 1.55556 0.22334
-3.48148 1.55556 0.19874
-3.40741 1.55556 0.177458
-3.33333 1.55556 0.15891
-3.25926 1.55556 0.142609
-3.18519 1.55556 0.128158
-3.11111 1.55556 0.115232
-3.03704 1.55556 0.103572
-2.96296 1.55556 0.0929653
-2.88889 1.55556 0.0832388
-2.81481 1.55556 0.0742502
-2.74074 1.55556 0.0658815
-2.66667 1.55556 0.0580337
-2.59259 1.55556 0.050623
-2.51852 1.55556 0.0435776
-2.44444 1.55556 0.036835
-2.37037 1.55556 0.0303403
-2.2963 1.55556 0.0240444
-2.22222 1.55556 0.0179025
-2.14815 1.55556 0.0118735
-2.07407 1.55556 0.00591847
-2 1.55556 0
-6 1.62963 1
-5.92593 1.62963 0.994661
-5.85185 1.62963 0.989286
-5.77778 1.62963 0.983838
-5.7037 1.62963 0.978278
-5.62963 1.62963 0.972563
-5.55556 1.62963 0.96665
-5.48148 1.62963 0.960486
-5.40741 1.62963 0.954015
-5.33333 1.62963 0.947169
-5.25926 1.62963 0.93987
-5.18519 1.62963 0.932026
-5.11111 1.62963 0.923523
-5.03704 1.62963 0.914223
-4.96296 1.62963 0.903957
-4.88889 1.62963 0.892509
-4.81481 1.62963 0.879609
-4.74074 1.62963 0.86491
-4.66667 1.62963 0.847966
-4.59259 1.62963 0.828201
-4.51852 1.62963 0.804877
-4.44444 1.62963 0.777063
-4.37037 1.62963 0.743631
-4.2963 1.62963 0.703326
-4.22222 1.62963 0.655022
-4.14815 1.62963 0.598292
-4.07407 1.62963 0.534411
-4 1.62963 0.467416
-3.92593 1.62963 0.403541
-3.85185 1.62963 0.346824
-3.77778 1.62963 0.29854
-3.7037 1.62963 0.258262
-3.62963 1.62963 0.224863
-3.55556 1.62963 0.19709
-3.48148 1.62963 0.173814
-3.40741 1.62963 0.154105
-3.33333 1.62963 0.137223
-3.25926 1.62963 0.122595
-3.18519 1.62963 0.109775
-3.11111 1.62963 0.0984158
-3.03704 1.62963 0.0882471
-2.96296 1.62963 0.0790554
-2.88889 1.62963 0.0706704
-2.81481 1.62963 0.0629552
-2.74074 1.62963 0.0557979
-2.66667 1.62963 0.0491062
-2.59259 1.62963 0.042803
-2.51852 1.62963 0.0368228
-2.44444 1.62963 0.0311094
-2.37037 1.62963 0.0256137
-2.2963 1.62963 0.020292
-2.22222 1.62963 0.015105
-2.14815 1.62963 0.0100164
-2.07407 1.62963 0.00499227
-2 1.62963 0
-6 1.7037 1
-5.92593 1.7037 0.995683
-5.85185 1.7037 0.991336
-5.77778 1.7037 0.986927
-5.7037 1.7037 0.982425
-5.62963 1.7037 0.977795
-5.55556 1.7037 0.972998
-5.48148 1.7037 0.96799
-5.40741 1.7037 0.962724
-5.33333 1.7037 0.957141
-5.25926 1.7037 0.951173
-5.18519 1.7037 0.944738
-5.11111 1.7037 0.937736
-5.03704 1.7037 0.930043
-4.96296 1.7037 0.9215
-4.88889 1.7037 0.911907
-4.81481 1.7037 0.901
-4.74074 1.7037 0.888433
-4.66667 1.7037 0.873743
-4.59259 1.7037 0.856299
-4.51852 1.7037 0.83524
-4.44444 1.7037 0.809384
-4.37037 1.7037 0.777131
-4.2963 1.7037 0.736403
-4.22222 1.7037 0.684776
-4.14815 1.7037 0.620172
-4.07407 1.7037 0.542795
-4 1.7037 0.458674
-3.92593 1.7037 0.381302
-3.85185 1.7037 0.316708
-3.77778 1.7037 0.265097
-3.7037 1.7037 0.224391
-3.62963 1.7037 0.192165
-3.55556 1.7037 0.166342
-3.48148 1.7037 0.145322
-3.40741 1.7037 0.127923
-3.33333 1.7037 0.113283
-3.25926 1.7037 0.100774
-3.18519 1.7037 0.0899313
-3.11111 1.7037 0.0804091
-3.03704 1.7037 0.0719453
-2.96296 1.7037 0.0643387
-2.88889 1.7037 0.0574324
-2.81481 1.7037 0.0511023
-2.74074 1.7037 0.0452486
-2.66667 1.7037 0.0397902
-2.59259 1.7037 0.0346599
-2.51852 1.7037 0.0298012
-2.44444 1.7037 0.0251662
-2.37037 1.7037 0.020713
-2.2963 1.7037 0.0164049
-2.22222 1.7037 0.012209
-2.14815 1.7037 0.00809483
-2.07407 1.7037 0.00403419
-2 1.7037 0
-6 1.77778 1
-5.92593 1.77778 0.996735
-5.85185 1.77778 0.993446
-5.77778 1.77778 0.99011
-5.7037 1.77778 0.986701
-5.62963 1.77778 0.983193
-5.55556 1.77778 0.979555
-5.48148 1.77778 0.975754
-5.40741 1.77778 0.971749
-5.33333 1.77778 0.967497
-5.25926 1.77778 0.962942
-5.18519 1.77778 0.958018
-5.11111 1.77778 0.952642
-5.03704 1.77778 0.946712
-4.96296 1.77778 0.940095
-4.88889 1.77778 0.932618
-4.81481 1.77778 0.92405
-4.74074 1.77778 0.91408
-4.66667 1.77778 0.902274
-4.59259 1.77778 0.888013
-4.51852 1.77778 0.8704
-4.44444 1.77778 0.848102
-4.37037 1.77778 0.819106
-4.2963 1.77778 0.78038
-4.22222 1.77778 0.727507
-4.14815 1.77778 0.654827
-4.07407 1.77778 0.557923
-4 1.77778 0.443183
-3.92593 1.77778 0.346283
-3.85185 1.77778 0.273611
-3.77778 1.77778 0.22075
-3.7037 1.77778 0.18204
-3.62963 1.77778 0.153065
-3.55556 1.77778 0.130792
-3.48148 1.77778 0.113208
-3.40741 1.77778 0.0989811
-3.33333 1.77778 0.0872126
-3.25926 1.77778 0.077286
-3.18519 1.77778 0.0687673
-3.11111 1.77778 0.0613439
-3.03704 1.77778 0.0547863
-2.96296 1.77778 0.0489217
-2.88889 1.77778 0.0436182
-2.81481 1.77778 0.0387729
-2.74074 1.77778 0.0343042
-2.66667 1.77778 0.0301462
-2.59259 1.77778 0.0262452
-2.51852 1.77778 0.0225561
-2.44444 1.77778 0.0190411
-2.37037 1.77778 0.0156672
-2.2963 1.77778 0.0124058
-2.22222 1.77778 0.00923116
-2.14815 1.77778 0.00611975
-2.07407 1.77778 0.00304967
-2 1.77778 0
-6 1.85185 1
-5.92593 1.85185 0.99781
-5.85185 1.85185 0.995604
-5.77778 1.85185 0.993365
-5.7037 1.85185 0.991077
-5.62963 1.85185 0.988721
-5.55556 1.85185 0.986276
-5.48148 1.85185 0.983719
-5.40741 1.85185 0.981023
-5.33333 1.85185 0.978156
-5.25926 1.85185 0.97508
-5.18519 1.85185 0.971749
-5.11111 1.85185 0.968102
-5.03704 1.85185 0.964068
-4.96296 1.85185 0.959549
-4.88889 1.85185 0.954418
-4.81481 1.85185 0.948503
-4.74074 1.85185 0.941564
-4.66667 1.85185 0.933258
-4.59259 1.85185 0.923078
-4.51852 1.85185 0.910245
-4.44444 1.85185 0.893516
-4.37037 1.85185 0.870812
-4.2963 1.85185 0.838503
-4.22222 1.85185 0.790046
-4.14815 1.85185 0.713705
-4.07407 1.85185 0.590886
-4 1.85185 0.409854
-3.92593 1.85185 0.287038
-3.85185 1.85185 0.210702
-3.77778 1.85185 0.162253
-3.7037 1.85185 0.129954
-3.62963 1.85185 0.107264
-3.55556 1.85185 0.0905517
-3.48148 1.85185 0.0777385
-3.40741 1.85185 0.0675807
-3.33333 1.85185 0.0593003
-3.25926 1.85185 0.0523903
-3.18519 1.85185 0.0465078
-3.11111 1.85185 0.0414132
-3.03704 1.85185 0.0369341
-2.96296 1.85185 0.0329437
-2.88889 1.85185 0.0293459
-2.81481 1.85185 0.026067
-2.74074 1.85185 0.0230489
-2.66667 1.85185 0.0202453
-2.59259 1.85185 0.0176184
-2.51852 1.85185 0.015137
-2.44444 1.85185 0.0127747
-2.37037 1.85185 0.010509
-2.2963 1.85185 0.00831997
-2.22222 1.85185 0.00619011
-2.14815 1.85185 0.00410335
-2.07407 1.85185 0.00204472
-2 1.85185 0
-6 1.92593 1
-5.92593 1.92593 0.998901
-5.85185 1.92593 0.997794
-5.77778 1.92593 0.99667
-5.7037 1.92593 0.995521
-5.62963 1.92593 0.994338
-5.55556 1.92593 0.99311
-5.48148 1.92593 0.991824
-5.40741 1.92593 0.990468
-5.33333 1.92593 0.989025
-5.25926 1.92593 0.987475
-5.18519 1.92593 0.985794
-5.11111 1.92593 0.983951
-5.03704 1.92593 0.981909
-4.96296 1.92593 0.979615
-4.88889 1.92593 0.977004
-4.81481 1.92593 0.973981
-4.74074 1.92593 0.970416
-4.66667 1.92593 0.966117
-4.59259 1.92593 0.960796
-4.51852 1.92593 0.953987
-4.44444 1.92593 0.944907
-4.37037 1.92593 0.932123
-4.2963 1.92593 0.912774
-4.22222 1.92593 0.88047
-4.14815 1.92593 0.819059
-4.07407 1.92593 0.682063
-4 1.92593 0.318307
-3.92593 1.92593 0.181312
-3.85185 1.92593 0.119905
-3.77778 1.92593 0.0876045
-3.7037 1.92593 0.0682608
-3.62963 1.92593 0.0554843
-3.55556 1.92593 0.0464124
-3.48148 1.92593 0.0396135
-3.40741 1.92593 0.0343029
-3.33333 1.92593 0.0300176
-3.25926 1.92593 0.0264671
-3.18519 1.92593 0.0234604
-3.11111 1.92593 0.0208668
-3.03704 1.92593 0.0185935
-2.96296 1.92593 0.016573
-2.88889 1.92593 0.0147548
-2.81481 1.92593 0.0131003
-2.74074 1.92593 0.0115792
-2.66667 1.92593 0.0101677
-2.59259 1.92593 0.00884622
-2.51852 1.92593 0.00759877
-2.44444 1.92593 0.00641186
-2.37037 1.92593 0.00527395
-2.2963 1.92593 0.00417497
-2.22222 1.92593 0.00310597
-2.14815 1.92593 0.0020588
-2.07407 1.92593 0.00102588
-2 1.92593 0
-6 2 1
-5.92593 2 1
-5.85185 2 1
-5.77778 2 1
-5.7037 2 1
-5.62963 2 1
-5.55556 2 1
-5.48148 2 1
-5.40741 2 1
-5.33333 2 1
-5.25926 2 1
-5.18519 2 1
-5.11111 2 1
-5.03704 2 1
-4.96296 2 1
-4.88889 2 1
-4.81481 2 1
-4.74074 2 1
-4.66667 2 1
-4.59259 2 1
-4.51852 2 1
-4.44444 2 1
-4.37037 2 1
-4.2963 2 1
-4.22222 2 1
-4.14815 2 1
-4.07407 2 1
-4 2 0
-3.92593 2 0
-3.85185 2 0
-3.77778 2 0
-3.7037 2 0
-3.62963 2 0
-3.55556 2 0
-3.48148 2 0
-3.40741 2 0
-3.33333 2 0
-3.25926 2 0
-3.18519 2 0
-3.11111 2 0
-3.03704 2 0
-2.96296 2 0
-2.88889 2 0
-2.81481 2 0
-2.74074 2 0
-2.66667 2 0
-2.59259 2 0
-2.51852 2 0
-2.44444 2 0
-2.37037 2 0
-2.2963 2 0
-2.22222 2 0
-2.14815 2 0
-2.07407 2 0
-2 2 0
