1600
2 -2 0.162918
2.10256 -2 -0.662109
2.20513 -2 -0.790234
2.30769 -2 -0.898546
2.41026 -2 -0.987037
2.51282 -2 -1.05489
2.61538 -2 -1.09867
2.71795 -2 -1.11992
2.82051 -2 -1.11939
2.92308 -2 -1.09722
3.02564 -2 -1.05067
3.12821 -2 -0.983191
3.23077 -2 -0.89607
3.33333 -2 -0.790368
3.4359 -2 -0.664664
3.53846 -2 -0.523472
3.64103 -2 -0.36848
3.74359 -2 -0.201322
3.84615 -2 -0.0229077
3.94872 -2 0.162918
4.05128 -2 1
4.15385 -2 1
4.25641 -2 1
4.35897 -2 1
4.46154 -2 1
4.5641 -2 1
4.66667 -2 1
4.76923 -2 1
4.87179 -2 1
4.97436 -2 1
5.07692 -2 1
5.17949 -2 1
5.28205 -2 1
5.38462 -2 1
5.48718 -2 1
5.58974 -2 1
5.69231 -2 1
5.79487 -2 1
5.89744 -2 1
6 -2 1
2 -1.89744 0.162918
2.10256 -1.89744 -0.295585
2.20513 -1.89744 -0.539287
2.30769 -1.89744 -0.698174
2.41026 -1.89744 -0.812692
2.51282 -1.89744 -0.896556
2.61538 -1.89744 -0.954391
2.71795 -1.89744 -0.988894
2.82051 -1.89744 -1.00156
2.92308 -1.89744 -0.993059
3.02564 -1.89744 -0.963403
3.12821 -1.89744 -0.913948
3.23077 -1.89744 -0.845779
3.33333 -1.89744 -0.759708
3.4359 -1.89744 -0.656114
3.53846 -1.89744 -0.536522
3.64103 -1.89744 -0.401434
3.74359 -1.89744 -0.249518
3.84615 -1.89744 -0.0743544
3.94872 -1.89744 0.146231
4.05128 -1.89744 0.493315
4.15385 -1.89744 0.628117
4.25641 -1.89744 0.69065
4.35897 -1.89744 0.724937
4.46154 -1.89744 0.746741
4.5641 -1.89744 0.762539
4.66667 -1.89744 0.775359
4.76923 -1.89744 0.786792
4.87179 -1.89744 0.797761
4.97436 -1.89744 0.808846
5.07692 -1.89744 0.820445
5.17949 -1.89744 0.832853
5.28205 -1.89744 0.846313
5.38462 -1.89744 0.861053
5.48718 -1.89744 0.877315
5.58974 -1.89744 0.895393
5.69231 -1.89744 0.915703
5.79487 -1.89744 0.938896
5.89744 -1.89744 0.966159
6 -1.89744 1
2 -1.79487 0.162918
2.10256 -1.79487 -0.142967
2.20513 -1.79487 -0.371665
2.30769 -1.79487 -0.539996
2.41026 -1.79487 -0.666064
2.51282 -1.79487 -0.760478
2.61538 -1.79487 -0.828763
2.71795 -1.79487 -0.874068
2.82051 -1.79487 -0.898242
2.92308 -1.79487 -0.902376
3.02564 -1.79487 -0.887184
3.12821 -1.79487 -0.853598
3.23077 -1.79487 -0.802491
3.33333 -1.79487 -0.734604
3.4359 -1.79487 -0.650548
3.53846 -1.79487 -0.551038
3.64103 -1.79487 -0.436215
3.74359 -1.79487 -0.305041
3.84615 -1.79487 -0.154446
3.94872 -1.79487 0.0206057
4.05128 -1.79487 0.217179
4.15385 -1.79487 0.347388
4.25641 -1.79487 0.428956
4.35897 -1.79487 0.482188
4.46154 -1.79487 0.519643
4.5641 -1.79487 0.548422
4.66667 -1.79487 0.572575
4.76923 -1.79487 0.594515
4.87179 -1.79487 0.615755
4.97436 -1.79487 0.637303
5.07692 -1.79487 0.659872
5.17949 -1.79487 0.684008
5.28205 -1.79487 0.710168
5.38462 -1.79487 0.738779
5.48718 -1.79487 0.770292
5.58974 -1.79487 0.805243
5.69231 -1.79487 0.844345
5.79487 -1.79487 0.888622
5.89744 -1.79487 0.939661
6 -1.79487 1
2 -1.69231 0.162918
2.10256 -1.69231 -0.0663453
2.20513 -1.69231 -0.262627
2.30769 -1.69231 -0.421614
2.41026 -1.69231 -0.54786
2.51282 -1.69231 -0.646458
2.61538 -1.69231 -0.721142
2.71795 -1.69231 -0.774441
2.82051 -1.69231 -0.808031
2.92308 -1.69231 -0.823043
3.02564 -1.69231 -0.820318
3.12821 -1.69231 -0.800653
3.23077 -1.69231 -0.76479
3.33333 -1.69231 -0.713406
3.4359 -1.69231 -0.647127
3.53846 -1.69231 -0.566545
3.64103 -1.69231 -0.472052
3.74359 -1.69231 -0.363772
3.84615 -1.69231 -0.241924
3.94872 -1.69231 -0.108686
4.05128 -1.69231 0.0259662
4.15385 -1.69231 0.134476
4.25641 -1.69231 0.215298
4.35897 -1.69231 0.275341
4.46154 -1.69231 0.321669
4.5641 -1.69231 0.359591
4.66667 -1.69231 0.39277
4.76923 -1.69231 0.423696
4.87179 -1.69231 0.454084
4.97436 -1.69231 0.485154
5.07692 -1.69231 0.517816
5.17949 -1.69231 0.552789
5.28205 -1.69231 0.590687
5.38462 -1.69231 0.632091
5.48718 -1.69231 0.677603
5.58974 -1.69231 0.727924
5.69231 -1.69231 0.783927
5.79487 -1.69231 0.846779
5.89744 -1.69231 0.918077
6 -1.69231 1
2 -1.58974 0.162918
2.10256 -1.58974 -0.0213309
2.20513 -1.58974 -0.188915
2.30769 -1.58974 -0.333322
2.41026 -1.58974 -0.453889
2.51282 -1.58974 -0.552095
2.61538 -1.58974 -0.629748
2.71795 -1.58974 -0.688406
2.82051 -1.58974 -0.729277
2.92308 -1.58974 -0.753283
3.02564 -1.58974 -0.761169
3.12821 -1.58974 -0.753606
3.23077 -1.58974 -0.73123
3.33333 -1.58974 -0.694659
3.4359 -1.58974 -0.644515
3.53846 -1.58974 -0.581456
3.64103 -1.58974 -0.506196
3.74359 -1.58974 -0.41967
3.84615 -1.58974 -0.323538
3.94872 -1.58974 -0.221352
4.05128 -1.58974 -0.120359
4.15385 -1.58974 -0.0313841
4.25641 -1.58974 0.0423045
4.35897 -1.58974 0.102521
4.46154 -1.58974 0.152733
4.5641 -1.58974 0.196348
4.66667 -1.58974 0.23617
4.76923 -1.58974 0.27436
4.87179 -1.58974 0.312558
4.97436 -1.58974 0.352017
5.07692 -1.58974 0.39372
5.17949 -1.58974 0.438478
5.28205 -1.58974 0.487002
5.38462 -1.58974 0.539965
5.48718 -1.58974 0.598066
5.58974 -1.58974 0.662086
5.69231 -1.58974 0.732963
5.79487 -1.58974 0.811865
5.89744 -1.58974 0.900268
6 -1.58974 1
2 -1.48718 0.162918
2.10256 -1.48718 0.00846861
2.20513 -1.48718 -0.136334
2.30769 -1.48718 -0.266141
2.41026 -1.48718 -0.378788
2.51282 -1.48718 -0.473956
2.61538 -1.48718 -0.552115
2.71795 -1.48718 -0.613963
2.82051 -1.48718 -0.660189
2.92308 -1.48718 -0.691407
3.02564 -1.48718 -0.708168
3.12821 -1.48718 -0.710994
3.23077 -1.48718 -0.70041
3.33333 -1.48718 -0.676961
3.4359 -1.48718 -0.64125
3.53846 -1.48718 -0.593984
3.64103 -1.48718 -0.536051
3.74359 -1.48718 -0.468701
3.84615 -1.48718 -0.393875
3.94872 -1.48718 -0.314708
4.05128 -1.48718 -0.235845
4.15385 -1.48718 -0.16252
4.25641 -1.48718 -0.0972539
4.35897 -1.48718 -0.0399088
4.46154 -1.48718 0.0111014
4.5641 -1.48718 0.05782
4.66667 -1.48718 0.102226
4.76923 -1.48718 0.146037
4.87179 -1.48718 0.190676
4.97436 -1.48718 0.237313
5.07692 -1.48718 0.286915
5.17949 -1.48718 0.340312
5.28205 -1.48718 0.398253
5.38462 -1.48718 0.461451
5.48718 -1.48718 0.530643
5.58974 -1.48718 0.606634
5.69231 -1.48718 0.690353
5.79487 -1.48718 0.782904
5.89744 -1.48718 0.885605
6 -1.48718 1
2 -1.38462 0.162918
2.10256 -1.38462 0.0300369
2.20513 -1.38462 -0.09674
2.30769 -1.38462 -0.213428
2.41026 -1.38462 -0.317708
2.51282 -1.38462 -0.408529
2.61538 -1.38462 -0.485594
2.71795 -1.38462 -0.548985
2.82051 -1.38462 -0.598947
2.92308 -1.38462 -0.635787
3.02564 -1.38462 -0.659836
3.12821 -1.38462 -0.671452
3.23077 -1.38462 -0.671034
3.33333 -1.38462 -0.659037
3.4359 -1.38462 -0.636007
3.53846 -1.38462 -0.602629
3.64103 -1.38462 -0.559803
3.74359 -1.38462 -0.508766
3.84615 -1.38462 -0.451257
3.94872 -1.38462 -0.389678
4.05128 -1.38462 -0.327009
4.15385 -1.38462 -0.266191
4.25641 -1.38462 -0.208964
4.35897 -1.38462 -0.155651
4.46154 -1.38462 -0.105565
4.5641 -1.38462 -0.0575084
4.66667 -1.38462 -0.0101311
4.76923 -1.38462 0.0378695
4.87179 -1.38462 0.0876663
4.97436 -1.38462 0.140286
5.07692 -1.38462 0.196624
5.17949 -1.38462 0.257479
5.28205 -1.38462 0.323586
5.38462 -1.38462 0.395657
5.48718 -1.38462 0.47442
5.58974 -1.38462 0.560659
5.69231 -1.38462 0.655253
5.79487 -1.38462 0.75921
5.89744 -1.38462 0.873687
6 -1.38462 1
2 -1.28205 0.162918
2.10256 -1.28205 0.0467715
2.20513 -1.28205 -0.0653702
2.30769 -1.28205 -0.170575
2.41026 -1.28205 -0.266776
2.51282 -1.28205 -0.352708
2.61538 -1.28205 -0.427692
2.71795 -1.28205 -0.491421
2.82051 -1.28205 -0.54381
2.92308 -1.28205 -0.584899
3.02564 -1.28205 -0.614814
3.12821 -1.28205 -0.633748
3.23077 -1.28205 -0.641963
3.33333 -1.28205 -0.639803
3.4359 -1.28205 -0.627722
3.53846 -1.28205 -0.606318
3.64103 -1.28205 -0.576391
3.74359 -1.28205 -0.539006
3.84615 -1.28205 -0.495561
3.94872 -1.28205 -0.4478
4.05128 -1.28205 -0.397682
4.15385 -1.28205 -0.347014
4.25641 -1.28205 -0.296978
4.35897 -1.28205 -0.247959
4.46154 -1.28205 -0.199675
4.5641 -1.28205 -0.151416
4.66667 -1.28205 -0.102265
4.76923 -1.28205 -0.0512538
4.87179 -1.28205 0.00255745
4.97436 -1.28205 0.0600382
5.07692 -1.28205 0.121983
5.17949 -1.28205 0.189125
5.28205 -1.28205 0.262152
5.38462 -1.28205 0.34174
5.48718 -1.28205 0.428576
5.58974 -1.28205 0.523392
5.69231 -1.28205 0.62699
5.79487 -1.28205 0.740267
5.89744 -1.28205 0.864231
6 -1.28205 1
2 -1.17949 0.162918
2.10256 -1.17949 0.0605182
2.20513 -1.17949 -0.0393268
2.30769 -1.17949 -0.134431
2.41026 -1.17949 -0.223054
2.51282 -1.17949 -0.303939
2.61538 -1.17949 -0.376244
2.71795 -1.17949 -0.439439
2.82051 -1.17949 -0.493207
2.92308 -1.17949 -0.537381
3.02564 -1.17949 -0.571907
3.12821 -1.17949 -0.59682
3.23077 -1.17949 -0.612245
3.33333 -1.17949 -0.618401
3.4359 -1.17949 -0.615623
3.53846 -1.17949 -0.604381
3.64103 -1.17949 -0.585316
3.74359 -1.17949 -0.559265
3.84615 -1.17949 -0.527281
3.94872 -1.17949 -0.490598
4.05128 -1.17949 -0.450516
4.15385 -1.17949 -0.4082
4.25641 -1.17949 -0.364446
4.35897 -1.17949 -0.31958
4.46154 -1.17949 -0.273485
4.5641 -1.17949 -0.225726
4.66667 -1.17949 -0.175668
4.76923 -1.17949 -0.12259
4.87179 -1.17949 -0.0657508
4.97436 -1.17949 -0.00442922
5.07692 -1.17949 0.0620587
5.17949 -1.17949 0.134361
5.28205 -1.17949 0.2131
5.38462 -1.17949 0.298888
5.48718 -1.17949 0.392353
5.58974 -1.17949 0.49415
5.69231 -1.17949 0.604991
5.79487 -1.17949 0.725657
5.89744 -1.17949 0.857011
6 -1.17949 1
2 -1.07692 0.162918
2.10256 -1.07692 0.0723671
2.20513 -1.07692 -0.0167727
2.30769 -1.07692 -0.102835
2.41026 -1.07692 -0.18437
2.51282 -1.07692 -0.260211
2.61538 -1.07692 -0.329467
2.71795 -1.07692 -0.391484
2.82051 -1.07692 -0.445792
2.92308 -1.07692 -0.492069
3.02564 -1.07692 -0.530106
3.12821 -1.07692 -0.559797
3.23077 -1.07692 -0.581134
3.33333 -1.07692 -0.594205
3.4359 -1.07692 -0.599212
3.53846 -1.07692 -0.596477
3.64103 -1.07692 -0.586463
3.74359 -1.07692 -0.569776
3.84615 -1.07692 -0.547164
3.94872 -1.07692 -0.519471
4.05128 -1.07692 -0.487557
4.15385 -1.07692 -0.452177
4.25641 -1.07692 -0.413858
4.35897 -1.07692 -0.372834
4.46154 -1.07692 -0.329046
4.5641 -1.07692 -0.282205
4.66667 -1.07692 -0.231858
4.76923 -1.07692 -0.177461
4.87179 -1.07692 -0.118431
4.97436 -1.07692 -0.054178
5.07692 -1.07692 0.0158722
5.17949 -1.07692 0.0922772
5.28205 -1.07692 0.175579
5.38462 -1.07692 0.266317
5.48718 -1.07692 0.365037
5.58974 -1.07692 0.472312
5.69231 -1.07692 0.588751
5.79487 -1.07692 0.715019
5.89744 -1.07692 0.851838
6 -1.07692 1
2 -0.974359 0.162918
2.10256 -0.974359 0.083
2.20513 -0.974359 0.00349341
2.30769 -0.974359 -0.0742944
2.41026 -0.974359 -0.149144
2.51282 -0.974359 -0.219992
2.61538 -0.974359 -0.285949
2.71795 -0.974359 -0.346298
2.82051 -0.974359 -0.400467
2.92308 -0.974359 -0.448013
3.02564 -0.974359 -0.488604
3.12821 -0.974359 -0.522008
3.23077 -0.974359 -0.548088
3.33333 -0.974359 -0.566806
3.4359 -0.974359 -0.578227
3.53846 -0.974359 -0.582524
3.64103 -0.974359 -0.579981
3.74359 -0.974359 -0.570993
3.84615 -0.974359 -0.556051
3.94872 -0.974359 -0.535703
4.05128 -0.974359 -0.510498
4.15385 -0.974359 -0.48091
4.25641 -0.974359 -0.447269
4.35897 -0.974359 -0.409718
4.46154 -0.974359 -0.368208
4.5641 -0.974359 -0.322524
4.66667 -0.974359 -0.272328
4.76923 -0.974359 -0.217201
4.87179 -0.974359 -0.156684
4.97436 -0.974359 -0.0903013
5.07692 -0.974359 -0.0175781
5.17949 -0.974359 0.0619513
5.28205 -0.974359 0.148744
5.38462 -0.974359 0.243256
5.48718 -0.974359 0.345947
5.58974 -0.974359 0.457296
5.69231 -0.974359 0.577807
5.79487 -0.974359 0.708025
5.89744 -0.974359 0.848542
6 -0.974359 1
2 -0.871795 0.162918
2.10256 -0.871795 0.0928576
2.20513 -0.871795 0.022271
2.30769 -0.871795 -0.0477786
2.41026 -0.871795 -0.116243
2.51282 -0.871795 -0.182146
2.61538 -0.871795 -0.244621
2.71795 -0.871795 -0.302913
2.82051 -0.871795 -0.356381
2.92308 -0.871795 -0.40449
3.02564 -0.871795 -0.446804
3.12821 -0.871795 -0.482979
3.23077 -0.871795 -0.512763
3.33333 -0.871795 -0.535997
3.4359 -0.871795 -0.552613
3.53846 -0.871795 -0.562641
3.64103 -0.871795 -0.566202
3.74359 -0.871795 -0.563504
3.84615 -0.871795 -0.554828
3.94872 -0.871795 -0.540491
4.05128 -0.871795 -0.520815
4.15385 -0.871795 -0.496072
4.25641 -0.871795 -0.466443
4.35897 -0.871795 -0.43199
4.46154 -0.871795 -0.39265
4.5641 -0.871795 -0.348247
4.66667 -0.871795 -0.298515
4.76923 -0.871795 -0.243126
4.87179 -0.871795 -0.181714
4.97436 -0.871795 -0.113901
5.07692 -0.871795 -0.0393031
5.17949 -0.871795 0.0424576
5.28205 -0.871795 0.131753
5.38462 -0.871795 0.22895
5.48718 -0.871795 0.33442
5.58974 -0.871795 0.448543
5.69231 -0.871795 0.571719
5.79487 -0.871795 0.704373
5.89744 -0.871795 0.846965
6 -0.871795 1
2 -0.769231 0.162918
2.10256 -0.769231 0.102227
2.20513 -0.769231 0.040091
2.30769 -0.769231 -0.0225861
2.41026 -0.769231 -0.084874
2.51282 -0.769231 -0.145865
2.61538 -0.769231 -0.204707
2.71795 -0.769231 -0.260624
2.82051 -0.769231 -0.312921
2.92308 -0.769231 -0.36099
3.02564 -0.769231 -0.404306
3.12821 -0.769231 -0.442428
3.23077 -0.769231 -0.474999
3.33333 -0.769231 -0.501747
3.4359 -0.769231 -0.522484
3.53846 -0.769231 -0.537106
3.64103 -0.769231 -0.54559
3.74359 -0.769231 -0.547985
3.84615 -0.769231 -0.544398
3.94872 -0.769231 -0.534968
4.05128 -0.769231 -0.519844
4.15385 -0.769231 -0.499146
4.25641 -0.769231 -0.472942
4.35897 -0.769231 -0.441225
4.46154 -0.769231 -0.403912
4.5641 -0.769231 -0.360843
4.66667 -0.769231 -0.311799
4.76923 -0.769231 -0.256517
4.87179 -0.769231 -0.194708
4.97436 -0.769231 -0.126072
5.07692 -0.769231 -0.05031
5.17949 -0.769231 0.0328747
5.28205 -0.769231 0.123769
5.38462 -0.769231 0.222654
5.48718 -0.769231 0.329809
5.58974 -0.769231 0.445515
5.69231 -0.769231 0.570065
5.79487 -0.769231 0.703768
5.89744 -0.769231 0.846958
6 -0.769231 1
2 -0.666667 0.162918
2.10256 -0.666667 0.11129
2.20513 -0.666667 0.0572968
2.30769 -0.666667 0.00174408
2.41026 -0.666667 -0.0545108
2.51282 -0.666667 -0.110601
2.61538 -0.666667 -0.165684
2.71795 -0.666667 -0.21896
2.82051 -0.666667 -0.269692
2.92308 -0.666667 -0.317207
3.02564 -0.666667 -0.360902
3.12821 -0.666667 -0.400252
3.23077 -0.666667 -0.434805
3.33333 -0.666667 -0.464186
3.4359 -0.666667 -0.4881
3.53846 -0.666667 -0.506325
3.64103 -0.666667 -0.518711
3.74359 -0.666667 -0.525174
3.84615 -0.666667 -0.525678
3.94872 -0.666667 -0.520225
4.05128 -0.666667 -0.508826
4.15385 -0.666667 -0.491489
4.25641 -0.666667 -0.468191
4.35897 -0.666667 -0.438871
4.46154 -0.666667 -0.403423
4.5641 -0.666667 -0.361693
4.66667 -0.666667 -0.313495
4.76923 -0.666667 -0.258615
4.87179 -0.666667 -0.196824
4.97436 -0.666667 -0.127893
5.07692 -0.666667 -0.0515936
5.17949 -0.666667 0.032292
5.28205 -0.666667 0.12397
5.38462 -0.666667 0.223637
5.48718 -0.666667 0.331481
5.58974 -0.666667 0.447685
5.69231 -0.666667 0.572436
5.79487 -0.666667 0.705929
5.89744 -0.666667 0.848373
6 -0.666667 1
2 -0.564103 0.162918
2.10256 -0.564103 0.120155
2.20513 -0.564103 0.0740943
2.30769 -0.564103 0.0254912
2.41026 -0.564103 -0.0248326
2.51282 -0.564103 -0.0760272
2.61538 -0.564103 -0.127244
2.71795 -0.564103 -0.177661
2.82051 -0.564103 -0.226495
2.92308 -0.564103 -0.273017
3.02564 -0.564103 -0.316556
3.12821 -0.564103 -0.356509
3.23077 -0.564103 -0.392339
3.33333 -0.564103 -0.423584
3.4359 -0.564103 -0.449848
3.53846 -0.564103 -0.47081
3.64103 -0.564103 -0.486213
3.74359 -0.564103 -0.495858
3.84615 -0.564103 -0.499599
3.94872 -0.564103 -0.497322
4.05128 -0.564103 -0.488939
4.15385 -0.564103 -0.474365
4.25641 -0.564103 -0.453512
4.35897 -0.564103 -0.426272
4.46154 -0.564103 -0.392519
4.5641 -0.564103 -0.352103
4.66667 -0.564103 -0.30486
4.76923 -0.564103 -0.250615
4.87179 -0.564103 -0.189191
4.97436 -0.564103 -0.120416
5.07692 -0.564103 -0.0441301
5.17949 -0.564103 0.0398142
5.28205 -0.564103 0.131546
5.38462 -0.564103 0.23118
5.48718 -0.564103 0.338813
5.58974 -0.564103 0.454536
5.69231 -0.564103 0.57843
5.79487 -0.564103 0.710578
5.89744 -0.564103 0.851068
6 -0.564103 1
2 -0.461538 0.162918
2.10256 -0.461538 0.128875
2.20513 -0.461538 0.0905857
2.30769 -0.461538 0.0487934
2.41026 -0.461538 0.00431519
2.51282 -0.461538 -0.0419931
2.61538 -0.461538 -0.0892648
2.71795 -0.461538 -0.136644
2.82051 -0.461538 -0.183306
2.92308 -0.461538 -0.228465
3.02564 -0.461538 -0.271389
3.12821 -0.461538 -0.311403
3.23077 -0.461538 -0.347899
3.33333 -0.461538 -0.380331
3.4359 -0.461538 -0.408223
3.53846 -0.461538 -0.431165
3.64103 -0.461538 -0.448809
3.74359 -0.461538 -0.460867
3.84615 -0.461538 -0.467098
3.94872 -0.461538 -0.467303
4.05128 -0.461538 -0.461313
4.15385 -0.461538 -0.448977
4.25641 -0.461538 -0.43015
4.35897 -0.461538 -0.404693
4.46154 -0.461538 -0.372462
4.5641 -0.461538 -0.333311
4.66667 -0.461538 -0.287093
4.76923 -0.461538 -0.233667
4.87179 -0.461538 -0.172897
4.97436 -0.461538 -0.104666
5.07692 -0.461538 -0.0288719
5.17949 -0.461538 0.0545657
5.28205 -0.461538 0.145704
5.38462 -0.461538 0.244577
5.48718 -0.461538 0.351198
5.58974 -0.461538 0.465564
5.69231 -0.461538 0.587655
5.79487 -0.461538 0.717444
5.89744 -0.461538 0.854902
6 -0.461538 1
2 -0.358974 0.162918
2.10256 -0.358974 0.13746
2.20513 -0.358974 0.106791
2.30769 -0.358974 0.0716759
2.41026 -0.358974 0.0329523
2.51282 -0.358974 -0.00849799
2.61538 -0.358974 -0.0517757
2.71795 -0.358974 -0.0959856
2.82051 -0.358974 -0.140254
2.92308 -0.358974 -0.183743
3.02564 -0.358974 -0.225662
3.12821 -0.358974 -0.265273
3.23077 -0.358974 -0.3019
3.33333 -0.358974 -0.334929
3.4359 -0.358974 -0.363812
3.53846 -0.358974 -0.388066
3.64103 -0.358974 -0.407269
3.74359 -0.358974 -0.421059
3.84615 -0.358974 -0.429124
3.94872 -0.358974 -0.431197
4.05128 -0.358974 -0.427047
4.15385 -0.358974 -0.416472
4.25641 -0.358974 -0.39929
4.35897 -0.358974 -0.375334
4.46154 -0.358974 -0.34445
4.5641 -0.358974 -0.306496
4.66667 -0.358974 -0.261342
4.76923 -0.358974 -0.208874
4.87179 -0.358974 -0.148995
4.97436 -0.358974 -0.0816343
5.07692 -0.358974 -0.00674401
5.17949 -0.358974 0.0756941
5.28205 -0.358974 0.165669
5.38462 -0.358974 0.263141
5.48718 -0.358974 0.36804
5.58974 -0.358974 0.480274
5.69231 -0.358974 0.599726
5.79487 -0.358974 0.726263
5.89744 -0.358974 0.859738
6 -0.358974 1
2 -0.25641 0.162918
2.10256 -0.25641 0.145885
2.20513 -0.25641 0.122666
2.30769 -0.25641 0.0940723
2.41026 -0.25641 0.0609865
2.51282 -0.25641 0.0243334
2.61538 -0.25641 -0.0149421
2.71795 -0.25641 -0.0558966
2.82051 -0.25641 -0.0976055
2.92308 -0.25641 -0.139177
3.02564 -0.25641 -0.179764
3.12821 -0.25641 -0.218572
3.23077 -0.25641 -0.254866
3.33333 -0.25641 -0.287972
3.4359 -0.25641 -0.317283
3.53846 -0.25641 -0.342255
3.64103 -0.25641 -0.362409
3.74359 -0.25641 -0.377323
3.84615 -0.25641 -0.386632
3.94872 -0.25641 -0.390019
4.05128 -0.25641 -0.387207
4.15385 -0.25641 -0.377957
4.25641 -0.25641 -0.362062
4.35897 -0.25641 -0.339337
4.46154 -0.25641 -0.309622
4.5641 -0.25641 -0.272782
4.66667 -0.25641 -0.228701
4.76923 -0.25641 -0.177292
4.87179 -0.25641 -0.118494
4.97436 -0.25641 -0.0522752
5.07692 -0.25641 0.0213601
5.17949 -0.25641 0.102374
5.28205 -0.25641 0.190692
5.38462 -0.25641 0.286203
5.48718 -0.25641 0.388761
5.58974 -0.25641 0.498186
5.69231 -0.25641 0.614269
5.79487 -0.25641 0.736773
5.89744 -0.25641 0.865441
6 -0.25641 1
2 -0.153846 0.162918
2.10256 -0.153846 0.154096
2.20513 -0.153846 0.138109
2.30769 -0.153846 0.115839
2.41026 -0.153846 0.0882304
2.51282 -0.153846 0.0562683
2.61538 -0.153846 0.0209551
2.71795 -0.153846 -0.0167095
2.82051 -0.153846 -0.0557458
2.92308 -0.153846 -0.0952078
3.02564 -0.153846 -0.134194
3.12821 -0.153846 -0.171859
3.23077 -0.153846 -0.207414
3.33333 -0.153846 -0.240137
3.4359 -0.153846 -0.269372
3.53846 -0.153846 -0.294529
3.64103 -0.153846 -0.315082
3.74359 -0.153846 -0.330568
3.84615 -0.153846 -0.340582
3.94872 -0.153846 -0.344772
4.05128 -0.153846 -0.342833
4.15385 -0.153846 -0.334501
4.25641 -0.153846 -0.319551
4.35897 -0.153846 -0.297791
4.46154 -0.153846 -0.269062
4.5641 -0.153846 -0.233236
4.66667 -0.153846 -0.190213
4.76923 -0.153846 -0.13993
4.87179 -0.153846 -0.0823577
4.97436 -0.153846 -0.0175043
5.07692 -0.153846 0.0545819
5.17949 -0.153846 0.13381
5.28205 -0.153846 0.220048
5.38462 -0.153846 0.313117
5.48718 -0.153846 0.412799
5.58974 -0.153846 0.518832
5.69231 -0.153846 0.630918
5.79487 -0.153846 0.748723
5.89744 -0.153846 0.87188
6 -0.153846 1
2 -0.0512821 0.162918
2.10256 -0.0512821 0.162016
2.20513 -0.0512821 0.152975
2.30769 -0.0512821 0.136766
2.41026 -0.0512821 0.114414
2.51282 -0.0512821 0.0869796
2.61538 -0.0512821 0.0555327
2.71795 -0.0512821 0.0211371
2.82051 -0.0512821 -0.015168
2.92308 -0.0512821 -0.0523816
3.02564 -0.0512821 -0.0895514
3.12821 -0.0512821 -0.125783
3.23077 -0.0512821 -0.160245
3.33333 -0.0512821 -0.192174
3.4359 -0.0512821 -0.220877
3.53846 -0.0512821 -0.245727
3.64103 -0.0512821 -0.266171
3.74359 -0.0512821 -0.281715
3.84615 -0.0512821 -0.291931
3.94872 -0.0512821 -0.296445
4.05128 -0.0512821 -0.294935
4.15385 -0.0512821 -0.287128
4.25641 -0.0512821 -0.272792
4.35897 -0.0512821 -0.251733
4.46154 -0.0512821 -0.223798
4.5641 -0.0512821 -0.188869
4.66667 -0.0512821 -0.146864
4.76923 -0.0512821 -0.0977426
4.87179 -0.0512821 -0.0415046
4.97436 -0.0512821 0.0218067
5.07692 -0.0512821 0.0921017
5.17949 -0.0512821 0.169243
5.28205 -0.0512821 0.253042
5.38462 -0.0512821 0.343262
5.48718 -0.0512821 0.439614
5.58974 -0.0512821 0.541762
5.69231 -0.0512821 0.649322
5.79487 -0.0512821 0.761866
5.89744 -0.0512821 0.878927
6 -0.0512821 1
2 0.0512821 0.162918
2.10256 0.0512821 0.169547
2.20513 0.0512821 0.167077
2.30769 0.0512821 0.156585
2.41026 0.0512821 0.139195
2.51282 0.0512821 0.116055
2.61538 0.0512821 0.0883149
2.71795 0.0512821 0.0571084
2.82051 0.0512821 0.0235379
2.92308 0.0512821 -0.01134
3.02564 0.0512821 -0.0465242
3.12821 0.0512821 -0.0810776
3.23077 0.0512821 -0.114132
3.33333 0.0512821 -0.144894
3.4359 0.0512821 -0.172641
3.53846 0.0512821 -0.196728
3.64103 0.0512821 -0.216581
3.74359 0.0512821 -0.231694
3.84615 0.0512821 -0.241628
3.94872 0.0512821 -0.246002
4.05128 0.0512821 -0.244493
4.15385 0.0512821 -0.236825
4.25641 0.0512821 -0.222771
4.35897 0.0512821 -0.202144
4.46154 0.0512821 -0.174799
4.5641 0.0512821 -0.140633
4.66667 0.0512821 -0.0995833
4.76923 0.0512821 -0.05163
4.87179 0.0512821 0.00320071
4.97436 0.0512821 0.0648339
5.07692 0.0512821 0.133143
5.17949 0.0512821 0.207949
5.28205 0.0512821 0.289013
5.38462 0.0512821 0.376044
5.48718 0.0512821 0.46869
5.58974 0.0512821 0.566543
5.69231 0.0512821 0.669141
5.79487 0.0512821 0.775967
5.89744 0.0512821 0.886457
6 0.0512821 1
2 0.153846 0.162918
2.10256 0.153846 0.17657
2.20513 0.153846 0.180187
2.30769 0.153846 0.174972
2.41026 0.153846 0.162162
2.51282 0.153846 0.143005
2.61538 0.153846 0.118741
2.71795 0.153846 0.0905805
2.82051 0.153846 0.0596923
2.92308 0.153846 0.0271887
3.02564 0.153846 -0.00588361
3.12821 0.153846 -0.0385504
3.23077 0.153846 -0.0699151
3.33333 0.153846 -0.0991613
3.4359 0.153846 -0.125553
3.53846 0.153846 -0.148436
3.64103 0.153846 -0.167231
3.74359 0.153846 -0.181434
3.84615 0.153846 -0.190609
3.94872 0.153846 -0.194385
4.05128 0.153846 -0.192445
4.15385 0.153846 -0.184528
4.25641 0.153846 -0.170417
4.35897 0.153846 -0.14994
4.46154 0.153846 -0.12297
4.5641 0.153846 -0.0894166
4.66667 0.153846 -0.0492368
4.76923 0.153846 -0.00243117
4.87179 0.153846 0.0509506
4.97436 0.153846 0.110806
5.07692 0.153846 0.176978
5.17949 0.153846 0.249248
5.28205 0.153846 0.327338
5.38462 0.153846 0.410903
5.48718 0.153846 0.499536
5.58974 0.153846 0.592764
5.69231 0.153846 0.690052
5.79487 0.153846 0.790801
5.89744 0.153846 0.894355
6 0.153846 1
2 0.25641 0.162918
2.10256 0.25641 0.182949
2.20513 0.25641 0.192045
2.30769 0.25641 0.191553
2.41026 0.25641 0.182839
2.51282 0.25641 0.167264
2.61538 0.25641 0.146168
2.71795 0.25641 0.120844
2.82051 0.25641 0.0925307
2.92308 0.25641 0.0623939
3.02564 0.25641 0.0315228
3.12821 0.25641 0.000922146
3.23077 0.25641 -0.0284912
3.33333 0.25641 -0.0558899
3.4359 0.25641 -0.0805354
3.53846 0.25641 -0.101777
3.64103 0.25641 -0.119047
3.74359 0.25641 -0.131856
3.84615 0.25641 -0.139789
3.94872 0.25641 -0.142495
4.05128 0.25641 -0.139683
4.15385 0.25641 -0.131114
4.25641 0.25641 -0.116594
4.35897 0.25641 -0.0959743
4.46154 0.25641 -0.069144
4.5641 0.25641 -0.0360346
4.66667 0.25641 0.00338057
4.76923 0.25641 0.0490822
4.87179 0.25641 0.101001
4.97436 0.25641 0.159012
5.07692 0.25641 0.222931
5.17949 0.25641 0.29251
5.28205 0.25641 0.367433
5.38462 0.25641 0.447313
5.48718 0.25641 0.531691
5.58974 0.25641 0.620038
5.69231 0.25641 0.71175
5.79487 0.25641 0.806153
5.89744 0.25641 0.902506
6 0.25641 1
2 0.358974 0.162918
2.10256 0.358974 0.188527
2.20513 0.358974 0.202351
2.30769 0.358974 0.205899
2.41026 0.358974 0.200681
2.51282 0.358974 0.18819
2.61538 0.358974 0.169871
2.71795 0.358974 0.147107
2.82051 0.358974 0.121205
2.92308 0.358974 0.0933855
3.02564 0.358974 0.0647743
3.12821 0.358974 0.0363991
3.23077 0.358974 0.00918732
3.33333 0.358974 -0.0160342
3.4359 0.358974 -0.0385376
3.53846 0.358974 -0.0576907
3.64103 0.358974 -0.0729521
3.74359 0.358974 -0.083865
3.84615 0.358974 -0.0900495
3.94872 0.358974 -0.0911934
4.05128 0.358974 -0.0870436
4.15385 0.358974 -0.0773975
4.25641 0.358974 -0.0620955
4.35897 0.358974 -0.0410164
4.46154 0.358974 -0.0140749
4.5641 0.358974 0.0187782
4.66667 0.358974 0.0575524
4.76923 0.358974 0.102213
4.87179 0.358974 0.152677
4.97436 0.358974 0.208802
5.07692 0.358974 0.270385
5.17949 0.358974 0.337153
5.28205 0.358974 0.408761
5.38462 0.358974 0.484787
5.48718 0.358974 0.564728
5.58974 0.358974 0.648003
5.69231 0.358974 0.733949
5.79487 0.358974 0.821823
5.89744 0.358974 0.910805
6 0.358974 1
2 0.461538 0.162918
2.10256 0.461538 0.193129
2.20513 0.461538 0.210766
2.30769 0.461538 0.217523
2.41026 0.461538 0.215077
2.51282 0.461538 0.205061
2.61538 0.461538 0.189039
2.71795 0.461538 0.168487
2.82051 0.461538 0.144782
2.92308 0.461538 0.119193
3.02564 0.461538 0.0928776
3.12821 0.461538 0.0668767
3.23077 0.461538 0.0421172
3.33333 0.461538 0.0194126
3.4359 0.461538 -0.000534028
3.53846 0.461538 -0.0171253
3.64103 0.461538 -0.0298632
3.74359 0.461538 -0.0383407
3.84615 0.461538 -0.0422323
3.94872 0.461538 -0.0412821
4.05128 0.461538 -0.0352923
4.15385 0.461538 -0.0241113
4.25641 0.461538 -0.00762437
4.35897 0.461538 0.0142529
4.46154 0.461538 0.0415777
4.5641 0.461538 0.0743784
4.66667 0.461538 0.11265
4.76923 0.461538 0.156349
4.87179 0.461538 0.205382
4.97436 0.461538 0.2596
5.07692 0.461538 0.318786
5.17949 0.461538 0.382653
5.28205 0.461538 0.450835
5.38462 0.461538 0.52288
5.48718 0.461538 0.598252
5.58974 0.461538 0.676325
5.69231 0.461538 0.756384
5.79487 0.461538 0.837624
5.89744 0.461538 0.919155
6 0.461538 1
2 0.564103 0.162918
2.10256 0.564103 0.196552
2.20513 0.564103 0.216902
2.30769 0.564103 0.225875
2.41026 0.564103 0.225333
2.51282 0.564103 0.217068
2.61538 0.564103 0.20277
2.71795 0.564103 0.184011
2.82051 0.564103 0.162238
2.92308 0.564103 0.138763
3.02564 0.564103 0.114765
3.12821 0.564103 0.0912877
3.23077 0.564103 0.0692448
3.33333 0.564103 0.049422
3.4359 0.564103 0.0324814
3.53846 0.564103 0.0189685
3.64103 0.564103 0.00931928
3.74359 0.564103 0.00387048
3.84615 0.564103 0.00287237
3.94872 0.564103 0.00650348
4.05128 0.564103 0.0148868
4.15385 0.564103 0.0281056
4.25641 0.564103 0.0462168
4.35897 0.564103 0.0692599
4.46154 0.564103 0.0972602
4.5641 0.564103 0.130227
4.66667 0.564103 0.168146
4.76923 0.564103 0.210969
4.87179 0.564103 0.258605
4.97436 0.564103 0.310904
5.07692 0.564103 0.367649
5.17949 0.564103 0.428547
5.28205 0.564103 0.493218
5.38462 0.564103 0.561193
5.48718 0.564103 0.631908
5.58974 0.564103 0.704702
5.69231 0.564103 0.778813
5.79487 0.564103 0.853386
5.89744 0.564103 0.927464
6 0.564103 1
2 0.666667 0.162918
2.10256 0.666667 0.198568
2.20513 0.666667 0.22032
2.30769 0.666667 0.230326
2.41026 0.666667 0.230664
2.51282 0.666667 0.223297
2.61538 0.666667 0.210053
2.71795 0.666667 0.192601
2.82051 0.666667 0.172452
2.92308 0.666667 0.150952
3.02564 0.666667 0.12929
3.12821 0.666667 0.108499
3.23077 0.666667 0.0894654
3.33333 0.666667 0.0729297
3.4359 0.666667 0.0594968
3.53846 0.666667 0.0496409
3.64103 0.666667 0.0437154
3.74359 0.666667 0.0419641
3.84615 0.666667 0.0445373
3.94872 0.666667 0.0515111
4.05128 0.666667 0.0629095
4.15385 0.666667 0.0787269
4.25641 0.666667 0.0989468
4.35897 0.666667 0.123555
4.46154 0.666667 0.152543
4.5641 0.666667 0.185903
4.66667 0.666667 0.223621
4.76923 0.666667 0.265655
4.87179 0.666667 0.311927
4.97436 0.666667 0.362299
5.07692 0.666667 0.416565
5.17949 0.666667 0.474436
5.28205 0.666667 0.535532
5.38462 0.666667 0.599373
5.48718 0.666667 0.665379
5.58974 0.666667 0.732859
5.69231 0.666667 0.801018
5.79487 0.666667 0.868952
5.89744 0.666667 0.935651
6 0.666667 1
2 0.769231 0.162918
2.10256 0.769231 0.198908
2.20513 0.769231 0.220506
2.30769 0.769231 0.230152
2.41026 0.769231 0.230168
2.51282 0.769231 0.222713
2.61538 0.769231 0.209755
2.71795 0.769231 0.193061
2.82051 0.769231 0.174192
2.92308 0.769231 0.154519
3.02564 0.769231 0.135222
3.12821 0.769231 0.117309
3.23077 0.769231 0.10162
3.33333 0.769231 0.0888348
3.4359 0.769231 0.0794818
3.53846 0.769231 0.0739445
3.64103 0.769231 0.0724708
3.74359 0.769231 0.0751857
3.84615 0.769231 0.0821105
3.94872 0.769231 0.0931878
4.05128 0.769231 0.108312
4.15385 0.769231 0.127362
4.25641 0.769231 0.150229
4.35897 0.769231 0.176835
4.46154 0.769231 0.207138
4.5641 0.769231 0.241122
4.66667 0.769231 0.278783
4.76923 0.769231 0.320102
4.87179 0.769231 0.365029
4.97436 0.769231 0.413456
5.07692 0.769231 0.465199
5.17949 0.769231 0.519988
5.28205 0.769231 0.577453
5.38462 0.769231 0.637116
5.48718 0.769231 0.698386
5.58974 0.769231 0.760557
5.69231 0.769231 0.822803
5.79487 0.769231 0.884183
5.89744 0.769231 0.943639
6 0.769231 1
2 0.871795 0.162918
2.10256 0.871795 0.197256
2.20513 0.871795 0.216854
2.30769 0.871795 0.2245
2.41026 0.871795 0.222799
2.51282 0.871795 0.214127
2.61538 0.871795 0.200594
2.71795 0.871795 0.184052
2.82051 0.871795 0.166101
2.92308 0.871795 0.148111
3.02564 0.871795 0.131236
3.12821 0.871795 0.116438
3.23077 0.871795 0.104491
3.33333 0.871795 0.0959954
3.4359 0.871795 0.0913858
3.53846 0.871795 0.090934
3.64103 0.871795 0.0947587
3.74359 0.871795 0.102838
3.84615 0.871795 0.115028
3.94872 0.871795 0.131099
4.05128 0.871795 0.150775
4.15385 0.871795 0.173783
4.25641 0.871795 0.199899
4.35897 0.871795 0.228971
4.46154 0.871795 0.260925
4.5641 0.871795 0.295751
4.66667 0.871795 0.333477
4.76923 0.871795 0.374128
4.87179 0.871795 0.417702
4.97436 0.871795 0.464139
5.07692 0.871795 0.513297
5.17949 0.871795 0.56494
5.28205 0.871795 0.618717
5.38462 0.871795 0.674165
5.48718 0.871795 0.730693
5.58974 0.871795 0.787585
5.69231 0.871795 0.843997
5.79487 0.871795 0.898956
5.89744 0.871795 0.951364
6 0.871795 1
2 0.974359 0.162918
2.10256 0.974359 0.193225
2.20513 0.974359 0.208631
2.30769 0.974359 0.21235
2.41026 0.974359 0.207326
2.51282 0.974359 0.196162
2.61538 0.974359 0.181107
2.71795 0.974359 0.164076
2.82051 0.974359 0.146678
2.92308 0.974359 0.130254
3.02564 0.974359 0.115906
3.12821 0.974359 0.104522
3.23077 0.974359 0.0967937
3.33333 0.974359 0.0932228
3.4359 0.974359 0.0941311
3.53846 0.974359 0.0996609
3.64103 0.974359 0.109778
3.74359 0.974359 0.124283
3.84615 0.974359 0.142826
3.94872 0.974359 0.164951
4.05128 0.974359 0.190156
4.15385 0.974359 0.217967
4.25641 0.974359 0.248006
4.35897 0.974359 0.280041
4.46154 0.974359 0.313977
4.5641 0.974359 0.349835
4.66667 0.974359 0.387701
4.76923 0.974359 0.42768
4.87179 0.974359 0.469845
4.97436 0.974359 0.514208
5.07692 0.974359 0.560689
5.17949 0.974359 0.609096
5.28205 0.974359 0.659118
5.38462 0.974359 0.710312
5.48718 0.974359 0.762101
5.58974 0.974359 0.813766
5.69231 0.974359 0.864451
5.79487 0.974359 0.913162
5.89744 0.974359 0.958767
6 0.974359 1
2 1.07692 0.162918
2.10256 1.07692 0.186325
2.20513 1.07692 0.194916
2.30769 1.07692 0.192451
2.41026 1.07692 0.182264
2.51282 1.07692 0.167197
2.61538 1.07692 0.14961
2.71795 1.07692 0.131439
2.82051 1.07692 0.114258
2.92308 1.07692 0.0993371
3.02564 1.07692 0.0876911
3.12821 1.07692 0.0801085
3.23077 1.07692 0.0771729
3.33333 1.07692 0.0792729
3.4359 1.07692 0.0866036
3.53846 1.07692 0.0991632
3.64103 1.07692 0.116747
3.74359 1.07692 0.138943
3.84615 1.07692 0.165151
3.94872 1.07692 0.194619
4.05128 1.07692 0.226533
4.15385 1.07692 0.260138
4.25641 1.07692 0.294861
4.35897 1.07692 0.330375
4.46154 1.07692 0.366594
4.5641 1.07692 0.40361
4.66667 1.07692 0.441619
4.76923 1.07692 0.480845
4.87179 1.07692 0.521475
4.97436 1.07692 0.563618
5.07692 1.07692 0.607278
5.17949 1.07692 0.652327
5.28205 1.07692 0.698502
5.38462 1.07692 0.745394
5.48718 1.07692 0.792445
5.58974 1.07692 0.838946
5.69231 1.07692 0.884038
5.79487 1.07692 0.926707
5.89744 1.07692 0.965796
6 1.07692 1
2 1.17949 0.162918
2.10256 1.17949 0.175912
2.20513 1.17949 0.174523
2.30769 1.17949 0.163222
2.41026 1.17949 0.145796
2.51282 1.17949 0.125302
2.61538 1.17949 0.104152
2.71795 1.17949 0.084226
2.82051 1.17949 0.0669948
2.92308 1.17949 0.0536032
3.02564 1.17949 0.0449337
3.12821 1.17949 0.0416445
3.23077 1.17949 0.0441914
3.33333 1.17949 0.0528347
3.4359 1.17949 0.0676364
3.53846 1.17949 0.0884456
3.64103 1.17949 0.114877
3.74359 1.17949 0.146288
3.84615 1.17949 0.181768
3.94872 1.17949 0.220178
4.05128 1.17949 0.260259
4.15385 1.17949 0.30085
4.25641 1.17949 0.341107
4.35897 1.17949 0.380613
4.46154 1.17949 0.419341
4.5641 1.17949 0.457533
4.66667 1.17949 0.495567
4.76923 1.17949 0.533846
4.87179 1.17949 0.572714
4.97436 1.17949 0.612411
5.07692 1.17949 0.653043
5.17949 1.17949 0.694562
5.28205 1.17949 0.736764
5.38462 1.17949 0.779284
5.48718 1.17949 0.821593
5.58974 1.17949 0.862999
5.69231 1.17949 0.902644
5.79487 1.17949 0.939506
5.89744 1.17949 0.972404
6 1.17949 1
2 1.28205 0.162918
2.10256 1.28205 0.16109
2.20513 1.28205 0.145844
2.30769 1.28205 0.122603
2.41026 1.28205 0.0956442
2.51282 1.28205 0.0681538
2.61538 1.28205 0.0424605
2.71795 1.28205 0.02027
2.82051 1.28205 0.0028484
2.92308 1.28205 -0.00885717
3.02564 1.28205 -0.0141452
3.12821 1.28205 -0.0125202
3.23077 1.28205 -0.00367392
3.33333 1.28205 0.0125188
3.4359 1.28205 0.035989
3.53846 1.28205 0.0664478
3.64103 1.28205 0.103342
3.74359 1.28205 0.145796
3.84615 1.28205 0.192546
3.94872 1.28205 0.241937
4.05128 1.28205 0.292056
4.15385 1.28205 0.341093
4.25641 1.28205 0.387824
4.35897 1.28205 0.431774
4.46154 1.28205 0.473091
4.5641 1.28205 0.512295
4.66667 1.28205 0.550056
4.76923 1.28205 0.587035
4.87179 1.28205 0.623785
4.97436 1.28205 0.660707
5.07692 1.28205 0.698025
5.17949 1.28205 0.735782
5.28205 1.28205 0.773843
5.38462 1.28205 0.811892
5.48718 1.28205 0.849438
5.58974 1.28205 0.885812
5.69231 1.28205 0.920168
5.79487 1.28205 0.951481
5.89744 1.28205 0.978549
6 1.28205 1
2 1.38462 0.162918
2.10256 1.38462 0.140534
2.20513 1.38462 0.106602
2.30769 1.38462 0.0678299
2.41026 1.38462 0.0289148
2.51282 1.38462 -0.00706266
2.61538 1.38462 -0.0381009
2.71795 1.38462 -0.0628628
2.82051 1.38462 -0.0804177
2.92308 1.38462 -0.0900993
3.02564 1.38462 -0.0914378
3.12821 1.38462 -0.084131
3.23077 1.38462 -0.0680325
3.33333 1.38462 -0.0431537
3.4359 1.38462 -0.00967925
3.53846 1.38462 0.0319965
3.64103 1.38462 0.0812033
3.74359 1.38462 0.13688
3.84615 1.38462 0.197413
3.94872 1.38462 0.260484
4.05128 1.38462 0.323153
4.15385 1.38462 0.382479
4.25641 1.38462 0.436681
4.35897 1.38462 0.485355
4.46154 1.38462 0.52906
4.5641 1.38462 0.568819
4.66667 1.38462 0.605752
4.76923 1.38462 0.640871
4.87179 1.38462 0.674987
4.97436 1.38462 0.708683
5.07692 1.38462 0.742311
5.17949 1.38462 0.776009
5.28205 1.38462 0.809708
5.38462 1.38462 0.84315
5.48718 1.38462 0.875887
5.58974 1.38462 0.907282
5.69231 1.38462 0.936511
5.79487 1.38462 0.962551
5.89744 1.38462 0.984184
6 1.38462 1
2 1.48718 0.162918
2.10256 1.48718 0.112121
2.20513 1.48718 0.053389
2.30769 1.48718 -0.00492809
2.41026 1.48718 -0.0581152
2.51282 1.48718 -0.103743
2.61538 1.48718 -0.140559
2.71795 1.48718 -0.167865
2.82051 1.48718 -0.185214
2.92308 1.48718 -0.192302
3.02564 1.48718 -0.18893
3.12821 1.48718 -0.175012
3.23077 1.48718 -0.150572
3.33333 1.48718 -0.115755
3.4359 1.48718 -0.0708349
3.53846 1.48718 -0.0162572
3.64103 1.48718 0.0472945
3.74359 1.48718 0.118729
3.84615 1.48718 0.196216
3.94872 1.48718 0.276695
4.05128 1.48718 0.355558
4.15385 1.48718 0.427571
4.25641 1.48718 0.490175
4.35897 1.48718 0.543437
4.46154 1.48718 0.588828
4.5641 1.48718 0.628235
4.66667 1.48718 0.663432
4.76923 1.48718 0.695874
4.87179 1.48718 0.726659
4.97436 1.48718 0.75655
5.07692 1.48718 0.78602
5.17949 1.48718 0.815287
5.28205 1.48718 0.844351
5.38462 1.48718 0.873007
5.48718 1.48718 0.900856
5.58974 1.48718 0.927306
5.69231 1.48718 0.951566
5.79487 1.48718 0.972627
5.89744 1.48718 0.989257
6 1.48718 1
2 1.58974 0.162918
2.10256 1.58974 0.0720949
2.20513 1.58974 -0.0191945
2.30769 1.58974 -0.101089
2.41026 1.58974 -0.170213
2.51282 1.58974 -0.225904
2.61538 1.58974 -0.268295
2.71795 1.58974 -0.297629
2.82051 1.58974 -0.314075
2.92308 1.58974 -0.317728
3.02564 1.58974 -0.308669
3.12821 1.58974 -0.287037
3.23077 1.58974 -0.253035
3.33333 1.58974 -0.206935
3.4359 1.58974 -0.14908
3.53846 1.58974 -0.0799015
3.64103 1.58974 5.86182e-05
3.74359 1.58974 0.0899993
3.84615 1.58974 0.188356
3.94872 1.58974 0.29164
4.05128 1.58974 0.392633
4.15385 1.58974 0.48051
4.25641 1.58974 0.551974
4.35897 1.58974 0.608776
4.46154 1.58974 0.654287
4.5641 1.58974 0.691783
4.66667 1.58974 0.723893
4.76923 1.58974 0.752554
4.87179 1.58974 0.779127
4.97436 1.58974 0.804516
5.07692 1.58974 0.829275
5.17949 1.58974 0.85368
5.28205 1.58974 0.877779
5.38462 1.58974 0.901418
5.48718 1.58974 0.924257
5.58974 1.58974 0.945763
5.69231 1.58974 0.965196
5.79487 1.58974 0.981585
5.89744 1.58974 0.993694
6 1.58974 1
2 1.69231 0.162918
2.10256 1.69231 0.01295
2.20513 1.69231 -0.120164
2.30769 1.69231 -0.228328
2.41026 1.69231 -0.313286
2.51282 1.69231 -0.37807
2.61538 1.69231 -0.424889
2.71795 1.69231 -0.455123
2.82051 1.69231 -0.469566
2.92308 1.69231 -0.468664
3.02564 1.69231 -0.452716
3.12821 1.69231 -0.422089
3.23077 1.69231 -0.377177
3.33333 1.69231 -0.318385
3.4359 1.69231 -0.246113
3.53846 1.69231 -0.160779
3.64103 1.69231 -0.0626372
3.74359 1.69231 0.0482931
3.84615 1.69231 0.171867
3.94872 1.69231 0.305956
4.05128 1.69231 0.440608
4.15385 1.69231 0.548267
4.25641 1.69231 0.627362
4.35897 1.69231 0.684756
4.46154 1.69231 0.727435
4.5641 1.69231 0.760605
4.66667 1.69231 0.787792
4.76923 1.69231 0.811308
4.87179 1.69231 0.832648
4.97436 1.69231 0.852756
5.07692 1.69231 0.872195
5.17949 1.69231 0.891254
5.28205 1.69231 0.910006
5.38462 1.69231 0.928344
5.48718 1.69231 0.945991
5.58974 1.69231 0.962498
5.69231 1.69231 0.977213
5.79487 1.69231 0.989242
5.89744 1.69231 0.997372
6 1.69231 1
2 1.79487 0.162918
2.10256 1.79487 -0.0825582
2.20513 1.79487 -0.264997
2.30769 1.79487 -0.397005
2.41026 1.79487 -0.494002
2.51282 1.79487 -0.564828
2.61538 1.79487 -0.613794
2.71795 1.79487 -0.643173
2.82051 1.79487 -0.654165
2.92308 1.79487 -0.647366
3.02564 1.79487 -0.623103
3.12821 1.79487 -0.582007
3.23077 1.79487 -0.524706
3.33333 1.79487 -0.451751
3.4359 1.79487 -0.363598
3.53846 1.79487 -0.260841
3.64103 1.79487 -0.143525
3.74359 1.79487 -0.0105412
3.84615 1.79487 0.141233
3.94872 1.79487 0.316865
4.05128 1.79487 0.513438
4.15385 1.79487 0.643066
4.25641 1.79487 0.723455
4.35897 1.79487 0.774878
4.46154 1.79487 0.809841
4.5641 1.79487 0.835372
4.66667 1.79487 0.855428
4.76923 1.79487 0.8723
4.87179 1.79487 0.887346
4.97436 1.79487 0.901383
5.07692 1.79487 0.914882
5.17949 1.79487 0.928085
5.28205 1.79487 0.941063
5.38462 1.79487 0.953748
5.48718 1.79487 0.965941
5.58974 1.79487 0.977306
5.69231 1.79487 0.987336
5.79487 1.79487 0.99529
5.89744 1.79487 1.00007
6 1.79487 1
2 1.89744 0.162918
2.10256 1.89744 -0.260427
2.20513 1.89744 -0.478991
2.30769 1.89744 -0.61874
2.41026 1.89744 -0.71817
2.51282 1.89744 -0.78989
2.61538 1.89744 -0.837825
2.71795 1.89744 -0.864191
2.82051 1.89744 -0.870133
2.92308 1.89744 -0.856067
3.02564 1.89744 -0.821797
3.12821 1.89744 -0.768525
3.23077 1.89744 -0.69721
3.33333 1.89744 -0.608565
3.4359 1.89744 -0.502892
3.53846 1.89744 -0.381652
3.64103 1.89744 -0.245299
3.74359 1.89744 -0.0924649
3.84615 1.89744 0.0832966
3.94872 1.89744 0.304177
4.05128 1.89744 0.651261
4.15385 1.89744 0.785768
4.25641 1.89744 0.847703
4.35897 1.89744 0.881072
4.46154 1.89744 0.901612
4.5641 1.89744 0.915761
4.66667 1.89744 0.926501
4.76923 1.89744 0.935361
4.87179 1.89744 0.943184
4.97436 1.89744 0.950452
5.07692 1.89744 0.957436
5.17949 1.89744 0.964277
5.28205 1.89744 0.971016
5.38462 1.89744 0.977619
5.48718 1.89744 0.983981
5.58974 1.89744 0.989916
5.69231 1.89744 0.995137
5.79487 1.89744 0.999193
5.89744 1.89744 1.00132
6 1.89744 1
2 2 0.162918
2.10256 2 -0.662109
2.20513 2 -0.790234
2.30769 2 -0.898546
2.41026 2 -0.987037
2.51282 2 -1.05489
2.61538 2 -1.09867
2.71795 2 -1.11992
2.82051 2 -1.11939
2.92308 2 -1.09722
3.02564 2 -1.05067
3.12821 2 -0.983191
3.23077 2 -0.89607
3.33333 2 -0.790368
3.4359 2 -0.664664
3.53846 2 -0.523472
3.64103 2 -0.36848
3.74359 2 -0.201322
3.84615 2 -0.0229077
3.94872 2 0.162918
4.05128 2 1
4.15385 2 1
4.25641 2 1
4.35897 2 1
4.46154 2 1
4.5641 2 1
4.66667 2 1
4.76923 2 1
4.87179 2 1
4.97436 2 1
5.07692 2 1
5.17949 2 1
5.28205 2 1
5.38462 2 1
5.48718 2 1
5.58974 2 1
5.69231 2 1
5.79487 2 1
5.89744 2 1
6 2 1
