80
80
0 0 0 0 0 0 0 0 0 0 0 0 0 0 0 0 0 0 0 0 0 0 0 0 0 0 0 0 0 10.907 10.907 10.907 1e-18 1e-18 1e-18 1e-18 1e-18 1e-18 1e-18 1e-18 1e-18 1e-18 1e-18 1e-18 1e-18 1e-18 10.907 10.907 10.907 0 0 0 0 0 0 0 0 0 0 0 0 0 0 0 0 0 0 0 0 0 0 0 0 0 0 0 0 0 0 0 
0 0 0 0 0 0 0 0 0 0 0 0 0 0 0 0 0 0 0 0 0 0 0 0 0 0 0 0 0 10.7081 2.92253 2.92253 8.09074e-11 8.09074e-11 8.09074e-11 8.09074e-11 8.09074e-11 8.09074e-11 8.09074e-11 8.09074e-11 8.09074e-11 8.09074e-11 8.09074e-11 8.09074e-11 8.09074e-11 8.09074e-11 2.92253 2.92253 8.09074e-11 0 0 0 0 0 0 0 0 0 0 0 0 0 0 0 0 0 0 0 0 0 0 0 0 0 0 0 0 0 0 0 
0 0 0 0 0 0 0 0 0 0 0 0 0 0 0 0 0 0 0 0 0 0 0 0 0 0 0 0 0 10.5329 0.783089 0.783089 -1.51334e-10 -1.51334e-10 -1.51334e-10 -1.51334e-10 -1.51334e-10 -1.51334e-10 -1.51334e-10 -1.51334e-10 -1.51334e-10 -1.51334e-10 -1.51334e-10 -1.51334e-10 -1.51334e-10 -1.51334e-10 0.783089 0.783089 3.15535e-09 0 0 0 0 0 0 0 0 0 0 0 0 0 0 0 0 0 0 0 0 0 0 0 0 0 0 0 0 0 0 0 
0 0 0 0 0 0 0 0 0 0 0 0 0 0 0 0 0 0 0 0 0 0 0 0 0 0 0 0 0 10.382 0.209828 0.209828 1.07316e-10 1.07316e-10 1.07316e-10 1.07316e-10 1.07316e-10 1.07316e-10 1.07316e-10 1.07316e-10 1.07316e-10 1.07316e-10 1.07316e-10 1.07316e-10 1.07316e-10 1.07316e-10 0.209828 0.209828 -7.74293e-09 0 0 0 0 0 0 0 0 0 0 0 0 0 0 0 0 0 0 0 0 0 0 0 0 0 0 0 0 0 0 0 
0 0 0 0 0 0 0 0 0 0 0 0 0 0 0 0 0 0 0 0 0 0 0 0 0 0 0 0 0 10.2558 0.0562233 0.0562233 -3.69671e-11 -3.69671e-11 -3.69671e-11 -3.69671e-11 -3.69671e-11 -3.69671e-11 -3.69671e-11 -3.69671e-11 -3.69671e-11 -3.69671e-11 -3.69671e-11 -3.69671e-11 -3.69671e-11 -3.69671e-11 0.0562233 0.0562233 3.38574e-08 0 0 0 0 0 0 0 0 0 0 0 0 0 0 0 0 0 0 0 0 0 0 0 0 0 0 0 0 0 0 0 
0 0 0 0 0 0 0 0 0 0 0 0 0 0 0 0 0 0 0 0 0 0 0 0 0 0 0 0 0 10.1545 0.0150651 0.0150651 8.87091e-12 8.87091e-12 8.87091e-12 8.87091e-12 8.87091e-12 8.87091e-12 8.87091e-12 8.87091e-12 8.87091e-12 8.87091e-12 8.87091e-12 8.87091e-12 8.87091e-12 8.87091e-12 0.0150651 0.0150651 7.87264e-09 0 0 0 0 0 0 0 0 0 0 0 0 0 0 0 0 0 0 0 0 0 0 0 0 0 0 0 0 0 0 0 
0 0 0 0 0 0 0 0 0 0 0 0 0 0 0 0 0 0 0 0 0 0 0 0 0 0 0 0 0 10.0785 0.00403707 0.00403707 -3.12782e-12 -3.12782e-12 -3.12782e-12 -3.12782e-12 -3.12782e-12 -3.12782e-12 -3.12782e-12 -3.12782e-12 -3.12782e-12 -3.12782e-12 -3.12782e-12 -3.12782e-12 -3.12782e-12 -3.12782e-12 0.00403707 0.00403707 2.06927e-07 0 0 0 0 0 0 0 0 0 0 0 0 0 0 0 0 0 0 0 0 0 0 0 0 0 0 0 0 0 0 0 
0 0 0 0 0 0 0 0 0 0 0 0 0 0 0 0 0 0 0 0 0 0 0 0 0 0 0 0 0 10.0279 0.00108318 0.00108318 1.07419e-12 1.07419e-12 1.07419e-12 1.07419e-12 1.07419e-12 1.07419e-12 1.07419e-12 1.07419e-12 1.07419e-12 1.07419e-12 1.07419e-12 1.07419e-12 1.07419e-12 1.07419e-12 0.00108318 0.00108318 6.48068e-07 0 0 0 0 0 0 0 0 0 0 0 0 0 0 0 0 0 0 0 0 0 0 0 0 0 0 0 0 0 0 0 
0 0 0 0 0 0 0 0 0 0 0 0 0 0 0 0 0 0 0 0 0 0 0 0 0 0 0 0 0 10.0029 0.000295639 0.000295639 -2.95404e-13 -2.95404e-13 -2.95404e-13 -2.95404e-13 -2.95404e-13 -2.95404e-13 -2.95404e-13 -2.95404e-13 -2.95404e-13 -2.95404e-13 -2.95404e-13 -2.95404e-13 -2.95404e-13 -2.95404e-13 0.000295639 0.000295639 2.73438e-06 0 0 0 0 0 0 0 0 0 0 0 0 0 0 0 0 0 0 0 0 0 0 0 0 0 0 0 0 0 0 0 
0 0 0 0 0 0 0 0 0 -1.14933e-49 -1.14933e-49 -1.14933e-49 -1.14933e-49 -1.14933e-49 -1.14933e-49 -1.14933e-49 -1.14933e-49 -1.14933e-49 -1.14933e-49 -1.14933e-49 -1.14933e-49 -1.14933e-49 -1.14933e-49 -1.14933e-49 -1.14933e-49 -1.14933e-49 -1.14933e-49 -1.14933e-49 -1.14933e-49 10.0035 9.93788e-05 9.93788e-05 1.02382e-13 10.907 10.907 10.907 10.907 10.907 10.907 10.907 10.907 10.907 10.907 10.907 1.02382e-13 1.02382e-13 9.93788e-05 9.93788e-05 1.08487e-05 -1.14933e-49 -1.14933e-49 -1.14933e-49 -1.14933e-49 -1.14933e-49 -1.14933e-49 -1.14933e-49 -1.14933e-49 -1.14933e-49 -1.14933e-49 -1.14933e-49 -1.14933e-49 -1.14933e-49 -1.14933e-49 -1.14933e-49 -1.14933e-49 -1.14933e-49 -1.14933e-49 -1.14933e-49 0 0 0 0 0 0 0 0 0 0 0 0 
0 0 0 0 0 0 0 0 0 -1.14933e-49 -1.14933e-49 -1.14933e-49 -1.14933e-49 -1.14933e-49 -1.14933e-49 -1.14933e-49 -1.14933e-49 -1.14933e-49 -1.14933e-49 -1.14933e-49 -1.14933e-49 -1.14933e-49 -1.14933e-49 -1.14933e-49 -1.14933e-49 -1.14933e-49 -1.14933e-49 -1.14933e-49 -1.14933e-49 20.9368 10.9071 10.9071 10.907 10.8791 10.8686 10.864 10.8618 10.8608 10.8605 10.8608 10.8618 10.864 10.8686 10.8791 10.907 10.907 10.9071 10.9071 4.34392e-05 -1.14933e-49 -1.14933e-49 -1.14933e-49 -1.14933e-49 -1.14933e-49 -1.14933e-49 -1.14933e-49 -1.14933e-49 -1.14933e-49 -1.14933e-49 -1.14933e-49 -1.14933e-49 -1.14933e-49 -1.14933e-49 -1.14933e-49 -1.14933e-49 -1.14933e-49 -1.14933e-49 -1.14933e-49 0 0 0 0 0 0 0 0 0 0 0 0 
0 0 0 0 0 0 0 0 0 -1.14933e-49 -1.14933e-49 -1.14933e-49 -1.14933e-49 -1.14933e-49 -1.14933e-49 -1.14933e-49 -1.14933e-49 -1.14933e-49 -1.14933e-49 -1.14933e-49 -1.14933e-49 -1.14933e-49 -1.14933e-49 -1.14933e-49 -1.14933e-49 -1.14933e-49 -1.14933e-49 10.907 10.907 20.9577 10.8632 10.8553 10.8473 10.8336 10.8243 10.8187 10.8155 10.8138 10.8133 10.8138 10.8155 10.8187 10.8243 10.8336 10.8473 10.855 10.8632 10.8765 10.9072 10.907 -1.14933e-49 -1.14933e-49 -1.14933e-49 -1.14933e-49 -1.14933e-49 -1.14933e-49 -1.14933e-49 -1.14933e-49 -1.14933e-49 -1.14933e-49 -1.14933e-49 -1.14933e-49 -1.14933e-49 -1.14933e-49 -1.14933e-49 -1.14933e-49 -1.14933e-49 -1.14933e-49 0 0 0 0 0 0 0 0 0 0 0 0 
0 0 0 0 0 0 0 0 0 -1.14933e-49 -1.14933e-49 -1.14933e-49 -1.14933e-49 -1.14933e-49 -1.14933e-49 -1.14933e-49 -1.14933e-49 -1.14933e-49 -1.14933e-49 -1.14933e-49 -1.14933e-49 -1.14933e-49 -1.14933e-49 -1.14933e-49 -1.14933e-49 10.907 10.907 10.8685 10.8486 20.9866 10.8144 10.8038 10.7935 10.7839 10.7763 10.771 10.7676 10.7658 10.7652 10.7658 10.7676 10.771 10.7763 10.7839 10.7935 10.8027 10.8144 10.829 10.8493 10.8685 10.907 10.907 -1.14933e-49 -1.14933e-49 -1.14933e-49 -1.14933e-49 -1.14933e-49 -1.14933e-49 -1.14933e-49 -1.14933e-49 -1.14933e-49 -1.14933e-49 -1.14933e-49 -1.14933e-49 -1.14933e-49 -1.14933e-49 -1.14933e-49 -1.14933e-49 0 0 0 0 0 0 0 0 0 0 0 0 
0 0 0 0 0 0 0 0 0 -1.14933e-49 -1.14933e-49 -1.14933e-49 -1.14933e-49 -1.14933e-49 -1.14933e-49 -1.14933e-49 -1.14933e-49 -1.14933e-49 -1.14933e-49 -1.14933e-49 -1.14933e-49 -1.14933e-49 -1.14933e-49 10.907 10.907 10.8616 10.8376 10.8113 10.7909 21.0346 10.7639 10.7532 10.7401 10.7322 10.7259 10.7213 10.7182 10.7164 10.7158 10.7164 10.7182 10.7213 10.7259 10.7322 10.7401 10.749 10.7639 10.7777 10.7937 10.8113 10.8376 10.8616 10.907 10.907 -1.14933e-49 -1.14933e-49 -1.14933e-49 -1.14933e-49 -1.14933e-49 -1.14933e-49 -1.14933e-49 -1.14933e-49 -1.14933e-49 -1.14933e-49 -1.14933e-49 -1.14933e-49 -1.14933e-49 -1.14933e-49 0 0 0 0 0 0 0 0 0 0 0 0 
0 0 0 0 0 0 0 0 0 -1.14933e-49 -1.14933e-49 -1.14933e-49 -1.14933e-49 -1.14933e-49 -1.14933e-49 -1.14933e-49 -1.14933e-49 -1.14933e-49 -1.14933e-49 -1.14933e-49 -1.14933e-49 10.907 10.907 10.8545 10.8261 10.795 10.7703 10.7484 10.7303 21.1038 10.7189 10.7092 10.6856 10.6791 10.6739 10.67 10.6674 10.6659 10.6654 10.6659 10.6674 10.67 10.6739 10.6791 10.6856 10.6935 10.7189 10.731 10.7414 10.7484 10.7703 10.795 10.8261 10.8545 10.907 10.907 -1.14933e-49 -1.14933e-49 -1.14933e-49 -1.14933e-49 -1.14933e-49 -1.14933e-49 -1.14933e-49 -1.14933e-49 -1.14933e-49 -1.14933e-49 -1.14933e-49 -1.14933e-49 0 0 0 0 0 0 0 0 0 0 0 0 
0 0 0 0 0 0 0 0 0 -1.14933e-49 -1.14933e-49 -1.14933e-49 -1.14933e-49 -1.14933e-49 -1.14933e-49 -1.14933e-49 -1.14933e-49 -1.14933e-49 -1.14933e-49 -1.14933e-49 10.907 10.8495 10.8154 10.7778 10.748 10.7219 10.7001 10.6817 10.6666 21.1947 10.7028 10.6948 10.6297 10.6246 10.6205 10.6175 10.6155 10.6143 10.6139 10.6143 10.6155 10.6175 10.6205 10.6246 10.6297 10.6361 10.7028 10.7129 10.711 10.6817 10.7001 10.7219 10.748 10.7778 10.8154 10.8495 10.907 -1.14933e-49 -1.14933e-49 -1.14933e-49 -1.14933e-49 -1.14933e-49 -1.14933e-49 -1.14933e-49 -1.14933e-49 -1.14933e-49 -1.14933e-49 -1.14933e-49 0 0 0 0 0 0 0 0 0 0 0 0 
0 0 0 0 0 0 0 0 0 -1.14933e-49 -1.14933e-49 -1.14933e-49 -1.14933e-49 -1.14933e-49 -1.14933e-49 -1.14933e-49 -1.14933e-49 -1.14933e-49 -1.14933e-49 10.907 10.8271 10.7686 10.7271 10.6933 10.6663 10.6443 10.6264 10.6119 10.6001 21.3074 10.8022 10.7963 10.5726 10.569 10.5662 10.5641 10.5627 10.5619 10.5617 10.5619 10.5627 10.5641 10.5662 10.569 10.5726 10.5772 10.8022 10.8097 10.778 10.6119 10.6264 10.6443 10.6663 10.6933 10.7271 10.7686 10.8271 10.907 -1.14933e-49 -1.14933e-49 -1.14933e-49 -1.14933e-49 -1.14933e-49 -1.14933e-49 -1.14933e-49 -1.14933e-49 -1.14933e-49 -1.14933e-49 0 0 0 0 0 0 0 0 0 0 0 0 
0 0 0 0 0 0 0 0 0 -1.14933e-49 -1.14933e-49 -1.14933e-49 -1.14933e-49 -1.14933e-49 -1.14933e-49 -1.14933e-49 -1.14933e-49 -1.14933e-49 10.907 10.8025 10.7258 10.6706 10.6312 10.6019 10.5797 10.5627 10.5495 10.5393 10.5313 21.4421 11.3381 11.3346 10.5144 10.5125 10.5111 10.5101 10.5094 10.509 10.5089 10.509 10.5094 10.5101 10.5111 10.5125 10.5144 10.5171 11.3381 11.3427 11.243 10.5393 10.5495 10.5627 10.5797 10.6019 10.6312 10.6706 10.7258 10.8025 10.907 -1.14933e-49 -1.14933e-49 -1.14933e-49 -1.14933e-49 -1.14933e-49 -1.14933e-49 -1.14933e-49 -1.14933e-49 -1.14933e-49 0 0 0 0 0 0 0 0 0 0 0 0 
0 0 0 0 0 0 0 0 0 -1.14933e-49 -1.14933e-49 -1.14933e-49 -1.14933e-49 -1.14933e-49 -1.14933e-49 -1.14933e-49 -1.14933e-49 10.907 10.7673 10.6702 10.603 10.5569 10.5252 10.5033 10.488 10.4772 10.4696 10.4643 10.4607 21.5985 13.5078 13.5069 10.4556 10.4555 10.4555 10.4556 10.4558 10.4559 10.4559 10.4559 10.4558 10.4556 10.4555 10.4555 10.4556 10.456 13.5078 13.5092 13.3073 10.4643 10.4696 10.4772 10.488 10.5033 10.5252 10.5569 10.603 10.6702 10.7673 10.907 -1.14933e-49 -1.14933e-49 -1.14933e-49 -1.14933e-49 -1.14933e-49 -1.14933e-49 -1.14933e-49 -1.14933e-49 0 0 0 0 0 0 0 0 0 0 0 0 
0 0 0 0 0 0 0 0 0 -1.14933e-49 -1.14933e-49 -1.14933e-49 -1.14933e-49 -1.14933e-49 -1.14933e-49 -1.14933e-49 10.907 10.7078 10.5849 10.5079 10.4592 10.4286 10.4096 10.3982 10.3917 10.3885 10.3874 10.3877 10.3888 21.7767 21.7787 21.7807 10.3965 10.3983 10.3999 10.4012 10.4022 10.4028 10.4029 10.4028 10.4022 10.4012 10.3999 10.3983 10.3965 10.3945 21.7787 21.7767 21.7751 10.3877 10.3874 10.3885 10.3917 10.3982 10.4096 10.4286 10.4592 10.5079 10.5849 10.7078 10.907 -1.14933e-49 -1.14933e-49 -1.14933e-49 -1.14933e-49 -1.14933e-49 -1.14933e-49 -1.14933e-49 0 0 0 0 0 0 0 0 0 0 0 0 
0 0 0 0 0 0 0 0 0 -1.14933e-49 -1.14933e-49 -1.14933e-49 -1.14933e-49 -1.14933e-49 -1.14933e-49 10.907 10.5843 10.4322 10.3565 10.3173 10.2974 10.2886 10.2863 10.2881 10.2922 10.2977 10.3038 10.3102 10.3164 21.2295 21.235 21.2401 10.3376 10.3414 10.3446 10.3471 10.3489 10.35 10.3504 10.35 10.3489 10.3471 10.3446 10.3414 10.3376 10.3331 21.235 21.2295 21.2235 10.3102 10.3038 10.2977 10.2922 10.2881 10.2863 10.2886 10.2974 10.3173 10.3565 10.4322 10.5843 10.907 -1.14933e-49 -1.14933e-49 -1.14933e-49 -1.14933e-49 -1.14933e-49 -1.14933e-49 0 0 0 0 0 0 0 0 0 0 0 0 
0 0 0 0 0 0 0 0 0 -1.14933e-49 -1.14933e-49 -1.14933e-49 -1.14933e-49 -1.14933e-49 10.907 10.212 10.091 10.0803 10.0915 10.1075 10.1246 10.1419 10.159 10.1756 10.1914 10.2063 10.2201 10.2328 10.2443 10.2548 13.1866 13.1947 10.2792 10.2852 10.29 10.2938 10.2964 10.298 10.2986 10.298 10.2964 10.2938 10.29 10.2852 10.2792 10.2722 13.1866 13.1773 10.2443 10.2328 10.2201 10.2063 10.1914 10.1756 10.159 10.1419 10.1246 10.1075 10.0915 10.0803 10.091 10.212 10.907 -1.14933e-49 -1.14933e-49 -1.14933e-49 -1.14933e-49 -1.14933e-49 0 0 0 0 0 0 0 0 0 0 0 0 
0 0 0 0 0 0 0 0 0 -1.14933e-49 -1.14933e-49 -1.14933e-49 -1.14933e-49 -1.14933e-49 7.16178 8.94288 9.48744 9.70637 9.82182 9.89653 9.9516 9.99554 10.0323 10.0639 10.0915 10.1159 10.1374 10.1565 10.1734 10.1882 10.9843 10.9955 10.222 10.23 10.2365 10.2415 10.245 10.2471 10.2478 10.2471 10.245 10.2415 10.2365 10.23 10.222 10.2124 10.9843 10.9713 10.1734 10.1565 10.1374 10.1159 10.0915 10.0639 10.0323 9.99554 9.9516 9.89653 9.82182 9.70637 9.48744 8.94288 7.16178 -1.14933e-49 -1.14933e-49 -1.14933e-49 -1.14933e-49 -1.14933e-49 0 0 0 0 0 0 0 0 0 0 0 0 
0 0 0 0 0 0 0 0 0 -1.14933e-49 -1.14933e-49 -1.14933e-49 -1.14933e-49 10.907 8.79723 8.91033 9.20949 9.43593 9.59289 9.70518 9.78972 9.85633 9.91068 9.95616 9.99489 10.0283 10.0572 10.0824 10.1044 10.1236 10.35 10.3642 10.1664 10.1764 10.1844 10.1906 10.195 10.1976 10.1985 10.1976 10.195 10.1906 10.1844 10.1764 10.1664 10.1543 10.35 10.3334 10.1044 10.0824 10.0572 10.0283 9.99489 9.95616 9.91068 9.85633 9.78972 9.70518 9.59289 9.43593 9.20949 8.91033 8.79723 10.907 -1.14933e-49 -1.14933e-49 -1.14933e-49 -1.14933e-49 0 0 0 0 0 0 0 0 0 0 0 0 
0 0 0 0 0 0 0 0 0 -1.14933e-49 -1.14933e-49 -1.14933e-49 -1.14933e-49 6.91826 8.20978 8.6917 9.00428 9.23497 9.40862 9.54159 9.64578 9.72939 9.79795 9.85518 9.90363 9.94506 9.98074 10.0116 10.0383 10.0615 10.1376 10.1546 10.1128 10.1247 10.1342 10.1416 10.1468 10.1498 10.1509 10.1498 10.1468 10.1416 10.1342 10.1247 10.1128 10.0984 10.1376 10.1177 10.0383 10.0116 9.98074 9.94506 9.90363 9.85518 9.79795 9.72939 9.64578 9.54159 9.40862 9.23497 9.00428 8.6917 8.20978 6.91826 -1.14933e-49 -1.14933e-49 -1.14933e-49 -1.14933e-49 0 0 0 0 0 0 0 0 0 0 0 0 
0 0 0 0 0 0 0 0 0 -1.14933e-49 -1.14933e-49 -1.14933e-49 10.907 8.55622 8.43194 8.64242 8.88094 9.09105 9.26503 9.40679 9.5224 9.61749 9.69655 9.763 9.81938 9.86761 9.90909 9.94491 9.97587 10.0026 10.0406 10.0602 10.0617 10.0753 10.0863 10.0947 10.1006 10.1041 10.1053 10.1041 10.1006 10.0947 10.0863 10.0753 10.0617 10.0452 10.0406 10.0177 9.97587 9.94491 9.90909 9.86761 9.81938 9.763 9.69655 9.61749 9.5224 9.40679 9.26503 9.09105 8.88094 8.64242 8.43194 8.55622 10.907 -1.14933e-49 -1.14933e-49 -1.14933e-49 0 0 0 0 0 0 0 0 0 0 0 0 
0 0 0 0 0 0 0 0 0 -1.14933e-49 -1.14933e-49 -1.14933e-49 6.81951 7.96767 8.31935 8.56508 8.78604 8.98324 9.15368 9.29812 9.41955 9.52162 9.60776 9.68087 9.7433 9.7969 9.84311 9.88306 9.91762 9.94746 9.97715 9.99903 10.0134 10.0286 10.0409 10.0502 10.0569 10.0608 10.0621 10.0608 10.0569 10.0502 10.0409 10.0286 10.0134 9.99499 9.97715 9.9515 9.91762 9.88306 9.84311 9.7969 9.7433 9.68087 9.60776 9.52162 9.41955 9.29812 9.15368 8.98324 8.78604 8.56508 8.31935 7.96767 6.81951 -1.14933e-49 -1.14933e-49 -1.14933e-49 0 0 0 0 0 0 0 0 0 0 0 0 
0 0 0 0 0 0 0 0 0 -1.14933e-49 -1.14933e-49 10.907 8.40334 8.17559 8.3127 8.5125 8.7149 8.90219 9.06834 9.21245 9.33606 9.44169 9.532 9.60942 9.67604 9.73357 9.7834 9.82661 9.86409 9.89652 9.92552 9.94935 9.96836 9.98498 9.99833 10.0086 10.0158 10.0201 10.0215 10.0201 10.0158 10.0086 9.99833 9.98498 9.96836 9.94827 9.92552 9.8976 9.86409 9.82662 9.7834 9.73357 9.67604 9.60942 9.532 9.44169 9.33606 9.21245 9.06834 8.90219 8.7149 8.5125 8.3127 8.17559 8.40334 10.907 -1.14933e-49 -1.14933e-49 0 0 0 0 0 0 0 0 0 0 0 0 
0 0 0 0 0 0 0 0 0 -1.14933e-49 -1.14933e-49 6.65936 7.71123 8.01865 8.24336 8.45733 8.65888 8.84228 9.00503 9.14727 9.27056 9.37709 9.46913 9.54877 9.61787 9.67796 9.73029 9.7759 9.81561 9.85008 9.88013 9.90558 9.92679 9.94458 9.95889 9.96987 9.97763 9.98226 9.9838 9.98226 9.97763 9.96987 9.95889 9.94459 9.92679 9.90529 9.88013 9.85038 9.81562 9.77591 9.73029 9.67796 9.61787 9.54877 9.46913 9.37709 9.27056 9.14727 9.00503 8.84228 8.65888 8.45733 8.24336 8.01865 7.71123 6.65936 -1.14933e-49 -1.14933e-49 0 0 0 0 0 0 0 0 0 0 0 0 
10.907 0 0 0 10.907 0.288874 0.0497064 1.21587 10.907 0.565772 11.0051 10.3789 18.6706 8.76486 8.32848 11.7935 19.528 9.8483 9.14772 13.3462 20.1289 10.5625 9.64079 14.4491 20.4757 11.0186 9.93669 15.2294 20.6794 11.3117 10.1161 15.764 20.7959 11.4874 10.2155 16.0921 20.8496 11.5653 10.25 16.2333 20.8496 11.5522 10.2237 16.1934 20.7959 11.446 10.1323 15.9661 20.6794 11.2344 9.96042 15.5277 20.4757 10.8872 9.67142 14.8253 20.1289 10.3365 9.18441 13.7534 19.528 9.45985 8.37023 12.1896 18.6706 8.83961 11.0508 3.37889 10.907 0.565772 0.0980554 2.35976 10.907 0.288875 0.0497065 1.21587 10.907 0 0 0 
10.7081 0 0 0 10.6888 0.241349 0.055313 1.50827 10.6601 0.473735 5.54326 9.64866 18.0083 8.49991 8.29659 12.5042 19.2064 9.66785 9.14629 14.1763 19.7611 10.336 9.62696 15.3483 20.0788 10.7689 9.92545 16.1775 20.2686 11.0516 10.1114 16.7423 20.3781 11.2221 10.2159 17.0865 20.4287 11.2976 10.2526 17.2337 20.4287 11.2839 10.225 17.1921 20.3781 11.1791 10.1294 16.9558 20.2687 10.9723 9.95185 16.5006 20.0788 10.6377 9.66104 15.7756 19.7611 10.1184 9.18711 14.6762 19.2064 9.27651 8.34304 12.9142 18.0083 7.43591 5.59408 4.10898 10.6601 0.473735 0.109115 2.90192 10.6888 0.241349 0.0553131 1.50827 10.7081 0 0 0 
10.5329 0 0 0 10.4801 0.202789 0.0624311 1.91527 10.4157 0.398641 4.20596 9.78482 17.5462 8.36359 8.33645 13.4736 18.9146 9.54083 9.17099 15.2317 19.4029 10.1525 9.63045 16.4472 19.6847 10.5588 9.92827 17.3013 19.8576 10.8298 10.1198 17.8774 19.9587 10.9944 10.2288 18.2244 20.0057 11.0672 10.2676 18.3712 20.0057 11.053 10.2391 18.3281 19.9587 10.9501 10.1401 18.0903 19.8578 10.7493 9.95805 17.633 19.6847 10.4299 9.6689 16.9082 19.4029 9.94799 9.21705 15.8151 18.9146 9.16717 8.38888 13.9526 17.5462 6.73536 4.26332 5.0516 10.4157 0.398641 0.123155 3.63068 10.4801 0.202789 0.0624311 1.91527 10.5329 0 0 0 
10.382 0 0 0 10.2828 0.171165 0.0712563 2.52214 10.1734 0.336822 4.88351 11.2441 17.537 8.45778 8.48879 14.8057 18.6523 9.46214 9.22104 16.5714 19.047 10.0052 9.65077 17.7809 19.287 10.3828 9.94574 18.6192 19.4406 10.6419 10.1427 19.1773 19.5324 10.8001 10.2555 19.5074 19.5754 10.8702 10.2965 19.6447 19.5754 10.8556 10.2672 19.6006 19.5324 10.7549 10.1659 19.3717 19.4413 10.5606 9.97973 18.932 19.287 10.2578 9.69464 18.24 19.047 9.81823 9.2736 17.2063 18.6523 9.14094 8.54862 15.4721 17.537 7.082 4.94897 6.29653 10.1734 0.336822 0.140562 4.65392 10.2828 0.171165 0.0712564 2.52214 10.382 0 0 0 
10.2558 0 0 0 10.0958 0.145048 0.082032 3.51936 9.92961 11.1927 8.46064 14.1583 17.9052 8.74461 8.73722 16.6212 18.4063 9.42258 9.29319 18.2626 18.6841 9.88788 9.68736 19.3793 18.8783 10.2363 9.97862 20.14 19.0114 10.485 10.1831 20.6414 19.0935 10.6352 10.2974 20.928 19.1325 10.7027 10.3407 21.0445 19.1325 10.6878 10.3109 20.9996 19.0935 10.5894 10.2097 20.7938 19.0142 10.4018 10.0177 20.3947 18.8783 10.1161 9.73784 19.7779 18.6841 9.72157 9.35368 18.8756 18.4063 9.18385 8.80608 17.5091 17.9052 8.40956 8.53599 18.8815 9.92961 0.285636 0.161816 6.16634 10.0958 0.145049 0.0820321 3.51936 10.2558 0 0 0 
10.1545 0 0 0 9.91513 0.123393 0.0950563 5.38895 9.6771 11.1501 9.74081 17.4635 18.2022 9.06475 9.01844 19.0574 18.1512 9.40909 9.38199 20.3604 18.3027 9.79457 9.73967 21.2504 18.4505 10.1148 10.0278 21.8521 18.5636 10.3601 10.2486 22.2574 18.6367 10.4965 10.3564 22.4656 18.672 10.5614 10.4022 22.5498 18.672 10.5464 10.372 22.5043 18.6367 10.4502 10.2795 22.3421 18.5748 10.2691 10.0731 22.0018 18.4505 9.99981 9.79813 21.5083 18.3027 9.65002 9.45205 20.8227 18.1512 9.26247 9.09821 19.9665 18.2022 9.30157 9.82811 21.1599 9.6771 0.243115 0.187502 8.51764 9.91513 0.123393 0.0950564 5.38895 10.1545 0 0 0 
10.0785 0 0 0 9.73304 0.105409 0.110691 9.5188 9.40345 11.1148 10.2798 21.7587 18.2962 9.32773 9.28083 22.2138 17.8565 9.4077 9.48123 22.8505 17.8891 9.71989 9.80739 23.3504 17.9948 10.0148 10.0947 23.7109 18.091 10.2828 10.3642 24.0088 18.157 10.3807 10.4344 24.0853 18.1898 10.4435 10.4831 24.1279 18.1898 10.4282 10.4526 24.082 18.157 10.3343 10.4001 24.0043 18.1354 10.1592 10.1474 23.7131 17.9948 9.9047 9.8754 23.3844 17.8891 9.59563 9.56276 22.9937 17.8565 9.34373 9.37368 22.7469 18.2962 9.80037 10.3815 24.1689 9.40345 0.207757 0.218334 12.2624 9.73304 0.105409 0.110691 9.5188 10.0785 0 0 0 
10.0279 0 0 29.8413 9.53503 0.0904857 0.129375 20.4238 9.08739 11.0854 10.5445 27.5491 18.1773 9.50585 9.49816 25.8768 17.4905 9.4062 9.58552 25.5446 17.4275 9.65911 9.89066 25.5525 17.5017 9.93307 10.1808 25.6315 17.5876 10.3254 10.6181 25.921 17.6507 10.2854 10.5341 25.7397 17.6828 10.3462 10.586 25.7371 17.6828 10.3308 10.5553 25.691 17.6507 10.2389 10.6599 25.8189 17.7655 10.069 10.2423 25.4675 17.5017 9.82698 9.97006 25.319 17.4275 9.55125 9.68073 25.2528 17.4905 9.40451 9.60662 25.6408 18.1773 10.059 10.6633 27.716 9.08739 0.17839 0.255173 17.7514 9.53503 0.0904858 0.129375 20.4238 10.0279 0 0 29.8413 
10.0029 0 0 29.9185 9.29174 0.0781437 0.151634 24.5838 8.69147 11.0611 10.6902 31.4579 17.8472 9.59862 9.66185 28.9672 17.0217 9.39554 9.69138 28.0318 16.9019 9.60836 9.99036 27.6642 16.9633 9.86705 10.2885 27.5059 17.0495 10.7859 11.3336 28.2444 17.1158 10.2083 10.6583 27.3762 17.1502 10.2673 10.7139 27.3322 17.1502 10.2519 10.6831 27.286 17.1158 10.1617 11.3825 28.0538 17.7611 9.99623 10.3604 27.1941 16.9633 9.76358 10.0833 27.2025 16.9019 9.51113 9.80284 27.401 17.0217 9.43167 9.78886 28.2419 17.8472 10.1733 10.8293 30.7336 8.69147 0.154087 0.299056 21.5102 9.29174 0.0781437 0.151634 24.5838 10.0029 0 0 29.9185 
10.0035 0 0 29.9703 8.93757 0.0680023 0.178107 26.4828 8.14816 11.0411 10.7718 33.8722 17.2836 9.61122 9.77142 31.2833 16.4194 9.37007 9.79782 30.1246 16.2985 9.56483 10.1083 29.5586 16.3744 9.8147 10.4205 29.2492 16.476 12.8632 13.7109 32.1156 16.5537 10.1476 10.8106 28.9476 16.594 10.205 10.8704 28.8718 16.594 10.1896 10.8396 28.8255 16.5537 10.101 13.7683 31.8587 19.3226 9.9388 10.5046 28.8325 16.3744 9.71214 10.2172 28.949 16.2985 9.47127 9.92851 29.3081 16.4194 9.41879 9.92044 30.3714 17.2836 10.1895 10.9351 33.025 8.14816 0.134108 0.351231 23.8791 8.93757 0.0680024 0.178107 26.4828 10.0035 0 0 29.9703 
10.0297 0 0 29.9965 8.30685 0.0597583 0.209564 27.4982 7.33625 11.0249 10.8044 35.3531 16.4353 9.54562 9.82888 32.9501 15.6597 9.32729 9.90648 31.8112 15.6116 9.52682 10.2474 31.1925 15.7372 9.77448 10.5803 30.8171 15.872 21.3594 22.2209 41.9622 15.9701 10.1015 10.9951 30.4197 16.0201 10.1576 11.0598 30.3241 16.0201 10.1422 11.0291 30.2779 15.9701 10.0549 22.2881 41.666 27.2582 9.89518 10.679 30.3432 15.7372 9.67102 10.3751 30.5137 15.6116 9.42958 10.0599 30.9293 15.6597 9.36342 10.004 32.0213 16.4353 10.1203 10.9964 34.7165 7.33625 0.117861 0.413207 25.4055 8.30685 0.0597583 0.209564 27.4982 10.0297 0 0 29.9965 
10.0815 0 0 29.9971 6.92386 0.0531702 0.246943 28.1078 6.06331 11.0119 10.7762 36.2329 15.2469 9.39831 9.83705 34.134 14.7448 9.26776 10.0218 33.1509 14.8543 9.49374 10.4119 32.5752 15.0651 9.7454 10.7725 32.1988 15.2493 20.8497 21.9519 42.8504 15.3755 10.069 11.2166 31.7729 15.4384 10.1238 11.2871 31.6692 15.4384 10.1085 11.2564 31.6231 15.3755 10.0224 22.0305 42.5401 26.1564 9.8642 10.8881 31.7089 15.0651 9.63931 10.5617 31.8863 14.8543 9.38588 10.202 32.2754 14.7448 9.26608 10.0429 33.2471 15.2469 9.95143 11.0022 35.9732 6.06331 0.104874 0.486813 26.4352 6.92386 0.0531702 0.246943 28.1078 10.0815 0 0 29.9971 
0 0 0 29.9721 3.24377 0.0480483 0.291393 28.5007 4.20393 11.0018 10.6358 36.6574 13.7562 9.16252 9.80141 34.9696 13.7395 9.19512 10.1512 34.2165 14.0689 9.46607 10.6075 33.7391 14.3857 9.72687 11.0024 33.4049 14.6273 9.92417 14.2185 36.0886 14.7848 10.0488 11.481 33.0013 14.8616 10.1026 11.558 32.8992 14.8616 10.0874 11.5275 32.8533 14.7848 10.0024 14.3105 35.7841 14.6273 9.84506 11.1378 32.929 14.3857 9.61677 10.7831 33.0783 14.0689 9.34181 10.3628 33.3824 13.7395 9.13116 10.0436 34.1129 13.7562 9.63516 10.902 36.9246 4.20393 0.0947764 0.574287 27.1612 3.24377 0.0480484 0.291393 28.5007 0 0 0 29.9721 
0 0 0 29.9215 1.84728 0.0442469 0.344343 28.762 2.93239 10.9943 10.2317 36.6371 12.289 8.837 9.73599 35.5584 12.7892 9.11624 10.3048 35.0736 13.3213 9.44516 10.841 34.7227 13.7348 9.71873 11.2765 34.456 14.0287 9.91709 12.3778 35.0373 14.2146 10.0404 11.7947 34.109 14.3042 10.0931 11.8792 34.0156 14.3042 10.0781 11.8489 33.9701 14.2146 9.99415 12.4852 34.7528 14.0287 9.83727 11.4349 34.0142 13.7348 9.60373 11.0468 34.1122 13.3213 9.30061 10.5534 34.2951 12.7892 8.96963 10.021 34.6798 12.289 9.07382 10.5457 37.6608 2.93239 0.087281 0.678387 27.6912 1.84728 0.044247 0.344344 28.762 0 0 0 29.9215 
0 0 0 29.8455 1.21294 0.0416586 0.407594 28.9344 2.13138 10.9892 9.10139 36.0798 10.8992 8.4475 9.67312 35.9825 11.9697 9.04093 10.4957 35.7763 12.6563 9.433 11.121 35.5629 13.1409 9.72114 11.6026 35.3767 13.4732 9.921 12.1583 35.4336 13.6801 10.0429 12.1655 35.1072 13.7792 10.0947 12.2583 35.0273 13.7792 10.0798 12.2285 34.9824 13.6801 9.99709 12.2834 35.1786 13.4732 9.84061 11.7874 34.9813 13.1409 9.60093 11.3618 35.0146 12.6563 9.26669 10.7873 35.0592 11.9697 8.8022 10.0086 35.0228 10.8992 8.11245 9.47188 38.2427 2.13138 0.0821771 0.80257 28.0878 1.21294 0.0416586 0.407594 28.9344 0 0 0 29.8455 
0 0 0 29.7442 0.873118 0.0402103 0.483461 29.0425 1.61417 0.0793213 5.69419 34.9799 9.66082 8.0822 9.67155 36.3147 11.3019 8.98038 10.7387 36.3679 12.091 9.43188 11.4576 36.2925 12.619 9.73449 11.9897 36.1921 12.9735 9.93569 12.4225 36.1506 13.1923 10.0561 12.6021 36.0113 13.2969 10.1069 12.7043 35.9479 13.2969 10.0923 12.675 35.9038 13.1923 10.0109 12.5675 35.9307 12.9735 9.85505 12.2045 35.8502 12.619 9.60943 11.7386 35.8129 12.091 9.24489 11.0804 35.7179 11.3019 8.65918 10.0663 35.2687 9.66082 6.70642 6.13173 27.8055 1.61417 0.0793215 0.951243 28.3898 0.873118 0.0402103 0.483461 29.0425 0 0 0 29.7442 
0 0 0 29.618 0.665361 0.0398613 0.575008 29.1018 1.26288 0.0786336 5.21296 34.7774 8.95707 7.89763 9.80328 36.6159 10.7817 8.94436 11.0495 36.8837 11.6252 9.44414 11.8624 36.9405 12.1735 9.75931 12.4485 36.9265 12.5355 9.96111 12.8734 36.9013 12.7575 10.0797 13.1145 36.8395 12.8635 10.1293 13.2269 36.7942 12.8635 10.1151 13.1984 36.7512 12.7575 10.0354 13.0405 36.7201 12.5355 9.88078 12.697 36.6422 12.1735 9.63041 12.1891 36.5335 11.6252 9.23965 11.449 36.3085 10.7817 8.5707 10.2674 35.6046 8.95707 6.26941 5.73015 28.1939 1.26288 0.0786337 1.13016 28.6232 0.665361 0.0398613 0.575008 29.1018 0 0 0 29.618 
0 0 0 29.4671 0.525444 0.0406012 0.686414 29.1233 1.01183 0.0800936 6.78117 35.5543 8.81394 7.92813 10.0956 36.9199 10.3917 8.93803 11.444 37.3521 11.2506 9.47183 12.3493 37.5328 11.8016 9.79625 12.9914 37.6029 12.1595 9.99732 13.4403 37.6244 12.3778 10.1135 13.7138 37.6109 12.4817 10.1618 13.8369 37.5846 12.4817 10.1481 13.8094 37.5429 12.3778 10.0704 13.6313 37.484 12.1595 9.91805 13.2768 37.3788 11.8016 9.66507 12.727 37.2011 11.2506 9.25426 11.9094 36.8607 10.3917 8.54669 10.6407 36.09 8.81394 6.86414 7.3931 28.5247 1.01183 0.0800937 1.34703 28.8075 0.525444 0.0406012 0.686414 29.1233 0 0 0 29.4671 
0 0 0 29.2919 0.424587 0.0424498 0.823619 29.1168 0.824528 0.0837406 12.5196 36.978 8.94523 8.06718 10.5221 37.2327 10.1071 8.96142 11.9386 37.7971 10.9567 9.51671 12.9345 38.0925 11.4974 9.84597 13.6331 38.2433 11.8428 10.0445 14.1143 38.3186 12.0519 10.1577 14.4121 38.3453 12.1512 10.2045 14.5459 38.3383 12.1512 10.1914 14.5196 38.2985 12.0519 10.1162 14.3299 38.2203 11.8428 9.96725 13.9576 38.0814 11.4974 9.71456 13.3678 37.8392 10.9567 9.29076 12.4781 37.3969 10.1071 8.57297 11.1611 36.6405 8.94523 8.14192 13.2444 28.8182 0.824528 0.0837407 1.6126 28.9589 0.424587 0.0424499 0.823619 29.1168 0 0 0 29.2919 
0 0 0 29.093 0.348377 0.0454575 0.995464 29.093 0.680045 0.0896737 1.94237 35.7523 8.69274 8.15009 11.045 37.5503 9.90276 9.0119 12.5529 38.2402 10.7332 9.58026 13.6377 38.6417 11.2541 9.90914 14.3902 38.8689 11.5806 10.103 14.9037 38.9986 11.7767 10.2123 15.222 39.0628 11.8697 10.2574 15.3657 39.0752 11.8697 10.2451 15.3408 39.0376 11.7767 10.173 15.1432 38.9434 11.5806 10.0288 14.7539 38.7709 11.2541 9.77995 14.129 38.4701 10.7332 9.35044 13.1736 37.9353 9.90276 8.62695 11.7913 37.1116 8.69274 6.7908 2.80164 29.093 0.680045 0.0896739 1.94237 29.093 0.348377 0.0454576 0.995464 29.093 0 0 0 29.093 
0 0 0 0 0 0 0 0 0 -1.14933e-49 -1.14933e-49 10.907 8.40334 8.17559 8.3127 8.5125 8.7149 8.90219 9.06834 9.21245 9.33606 9.44169 9.532 9.60942 9.67604 9.73357 9.7834 9.82662 9.86409 9.89653 9.92453 9.94837 9.96836 9.98498 9.99833 10.0086 10.0158 10.0201 10.0215 10.0201 10.0158 10.0086 9.99833 9.98498 9.96836 9.94827 9.92453 9.89662 9.8641 9.82662 9.7834 9.73357 9.67604 9.60942 9.532 9.4417 9.33606 9.21245 9.06834 8.90219 8.7149 8.5125 8.3127 8.17559 8.40334 10.907 -1.14933e-49 -1.14933e-49 0 0 0 0 0 0 0 0 0 0 0 0 
0 0 0 0 0 0 0 0 0 -1.14933e-49 -1.14933e-49 -1.14933e-49 6.81951 7.96767 8.31935 8.56508 8.78604 8.98324 9.15368 9.29812 9.41955 9.52162 9.60776 9.68087 9.7433 9.7969 9.84311 9.88306 9.91762 9.9475 9.97321 9.99509 10.0134 10.0286 10.0409 10.0502 10.0569 10.0608 10.0621 10.0608 10.0569 10.0502 10.0409 10.0286 10.0134 9.99499 9.97321 9.94756 9.91766 9.88306 9.84311 9.7969 9.7433 9.68087 9.60776 9.52162 9.41955 9.29812 9.15368 8.98324 8.78604 8.56508 8.31935 7.96767 6.81951 -1.14933e-49 -1.14933e-49 -1.14933e-49 0 0 0 0 0 0 0 0 0 0 0 0 
0 0 0 0 0 0 0 0 0 -1.14933e-49 -1.14933e-49 -1.14933e-49 10.907 8.55622 8.43194 8.64242 8.88094 9.09105 9.26503 9.40679 9.5224 9.61749 9.69655 9.763 9.81938 9.86761 9.90909 9.94491 9.97587 10.0028 10.0259 10.0455 10.0617 10.0753 10.0863 10.0947 10.1006 10.1041 10.1053 10.1041 10.1006 10.0947 10.0863 10.0753 10.0617 10.0452 10.0259 10.0029 9.97604 9.94491 9.90909 9.86761 9.81938 9.763 9.69655 9.61749 9.5224 9.40679 9.26503 9.09105 8.88094 8.64242 8.43194 8.55622 10.907 -1.14933e-49 -1.14933e-49 -1.14933e-49 0 0 0 0 0 0 0 0 0 0 0 0 
0 0 0 0 0 0 0 0 0 -1.14933e-49 -1.14933e-49 -1.14933e-49 -1.14933e-49 6.91826 8.20978 8.6917 9.00428 9.23497 9.40862 9.54159 9.64578 9.72939 9.79795 9.85518 9.90363 9.94506 9.98074 10.0116 10.0383 10.0622 10.0825 10.0996 10.1128 10.1247 10.1342 10.1416 10.1468 10.1498 10.1509 10.1498 10.1468 10.1416 10.1342 10.1247 10.1128 10.0984 10.0825 10.0626 10.039 10.0116 9.98074 9.94506 9.90363 9.85518 9.79795 9.72939 9.64578 9.54159 9.40862 9.23497 9.00428 8.6917 8.20978 6.91826 -1.14933e-49 -1.14933e-49 -1.14933e-49 -1.14933e-49 0 0 0 0 0 0 0 0 0 0 0 0 
0 0 0 0 0 0 0 0 0 -1.14933e-49 -1.14933e-49 -1.14933e-49 -1.14933e-49 10.907 8.79723 8.91033 9.20949 9.43593 9.59289 9.70518 9.78972 9.85633 9.91068 9.95616 9.99489 10.0283 10.0572 10.0824 10.1044 10.1263 10.1443 10.1586 10.1664 10.1764 10.1844 10.1906 10.195 10.1976 10.1985 10.1976 10.195 10.1906 10.1844 10.1764 10.1664 10.1543 10.1443 10.1278 10.1072 10.0824 10.0572 10.0283 9.99489 9.95616 9.91068 9.85633 9.78972 9.70518 9.59289 9.43593 9.20949 8.91033 8.79723 10.907 -1.14933e-49 -1.14933e-49 -1.14933e-49 -1.14933e-49 0 0 0 0 0 0 0 0 0 0 0 0 
0 0 0 0 0 0 0 0 0 -1.14933e-49 -1.14933e-49 -1.14933e-49 -1.14933e-49 -1.14933e-49 7.16178 8.94288 9.48744 9.70637 9.82182 9.89653 9.9516 9.99554 10.0323 10.0639 10.0915 10.1159 10.1374 10.1565 10.1734 10.1993 10.2169 10.2282 10.222 10.23 10.2365 10.2415 10.245 10.2471 10.2478 10.2471 10.245 10.2415 10.2365 10.23 10.222 10.2124 10.2169 10.204 10.1845 10.1565 10.1374 10.1159 10.0915 10.0639 10.0323 9.99554 9.9516 9.89653 9.82183 9.70637 9.48744 8.94288 7.16178 -1.14933e-49 -1.14933e-49 -1.14933e-49 -1.14933e-49 -1.14933e-49 0 0 0 0 0 0 0 0 0 0 0 0 
0 0 0 0 0 0 0 0 0 -1.14933e-49 -1.14933e-49 -1.14933e-49 -1.14933e-49 -1.14933e-49 10.907 10.212 10.091 10.0803 10.0915 10.1075 10.1246 10.1419 10.159 10.1756 10.1914 10.2063 10.2201 10.2328 10.2443 10.2992 10.3227 10.3309 10.2792 10.2852 10.29 10.2938 10.2964 10.298 10.2986 10.298 10.2964 10.2938 10.29 10.2852 10.2792 10.2722 10.3227 10.3135 10.2888 10.2328 10.2201 10.2063 10.1914 10.1756 10.159 10.1419 10.1246 10.1075 10.0915 10.0803 10.091 10.212 10.907 -1.14933e-49 -1.14933e-49 -1.14933e-49 -1.14933e-49 -1.14933e-49 0 0 0 0 0 0 0 0 0 0 0 0 
0 0 0 0 0 0 0 0 0 -1.14933e-49 -1.14933e-49 -1.14933e-49 -1.14933e-49 -1.14933e-49 -1.14933e-49 10.907 10.5843 10.4322 10.3565 10.3173 10.2974 10.2886 10.2863 10.2881 10.2922 10.2977 10.3038 10.3102 10.3164 10.5003 10.547 10.5521 10.3376 10.3414 10.3446 10.3471 10.3489 10.35 10.3504 10.35 10.3489 10.3471 10.3446 10.3414 10.3376 10.3331 10.547 10.5415 10.4944 10.3102 10.3038 10.2977 10.2922 10.2881 10.2863 10.2886 10.2974 10.3173 10.3565 10.4322 10.5843 10.907 -1.14933e-49 -1.14933e-49 -1.14933e-49 -1.14933e-49 -1.14933e-49 -1.14933e-49 0 0 0 0 0 0 0 0 0 0 0 0 
0 0 0 0 0 0 0 0 0 -1.14933e-49 -1.14933e-49 -1.14933e-49 -1.14933e-49 -1.14933e-49 -1.14933e-49 -1.14933e-49 10.907 10.7078 10.5849 10.5079 10.4592 10.4286 10.4096 10.3982 10.3917 10.3885 10.3874 10.3877 10.3888 11.1021 11.21 11.212 10.3965 10.3983 10.3999 10.4012 10.4022 10.4028 10.4029 10.4028 10.4022 10.4012 10.3999 10.3983 10.3965 10.3945 11.21 11.208 11.1005 10.3877 10.3874 10.3885 10.3917 10.3982 10.4096 10.4286 10.4592 10.5079 10.5849 10.7078 10.907 -1.14933e-49 -1.14933e-49 -1.14933e-49 -1.14933e-49 -1.14933e-49 -1.14933e-49 -1.14933e-49 0 0 0 0 0 0 0 0 0 0 0 0 
0 0 0 0 0 0 0 0 0 -1.14933e-49 -1.14933e-49 -1.14933e-49 -1.14933e-49 -1.14933e-49 -1.14933e-49 -1.14933e-49 -1.14933e-49 10.907 10.7673 10.6702 10.603 10.5569 10.5252 10.5033 10.488 10.4772 10.4696 10.4643 10.4607 13.3049 13.5078 13.5069 10.4556 10.4555 10.4555 10.4556 10.4558 10.4559 10.4559 10.4559 10.4558 10.4556 10.4555 10.4555 10.4556 10.456 13.5078 13.5092 13.3073 10.4643 10.4696 10.4772 10.488 10.5033 10.5252 10.5569 10.603 10.6702 10.7673 10.907 -1.14933e-49 -1.14933e-49 -1.14933e-49 -1.14933e-49 -1.14933e-49 -1.14933e-49 -1.14933e-49 -1.14933e-49 0 0 0 0 0 0 0 0 0 0 0 0 
0 0 0 0 0 0 0 0 0 -1.14933e-49 -1.14933e-49 -1.14933e-49 -1.14933e-49 -1.14933e-49 -1.14933e-49 -1.14933e-49 -1.14933e-49 -1.14933e-49 10.907 10.8025 10.7258 10.6706 10.6312 10.6019 10.5797 10.5627 10.5495 10.5393 10.5313 21.9114 21.9068 21.9033 10.5144 10.5125 10.5111 10.5101 10.5094 10.509 10.5089 10.509 10.5094 10.5101 10.5111 10.5125 10.5144 10.5171 21.9068 21.9114 21.9175 10.5393 10.5495 10.5627 10.5797 10.6019 10.6312 10.6706 10.7258 10.8025 10.907 -1.14933e-49 -1.14933e-49 -1.14933e-49 -1.14933e-49 -1.14933e-49 -1.14933e-49 -1.14933e-49 -1.14933e-49 -1.14933e-49 0 0 0 0 0 0 0 0 0 0 0 0 
0 0 0 0 0 0 0 0 0 -1.14933e-49 -1.14933e-49 -1.14933e-49 -1.14933e-49 -1.14933e-49 -1.14933e-49 -1.14933e-49 -1.14933e-49 -1.14933e-49 -1.14933e-49 10.907 10.8271 10.7686 10.7271 10.6933 10.6663 10.6443 10.6264 10.6119 10.6001 21.4977 21.4902 21.4843 10.5726 10.569 10.5662 10.5641 10.5627 10.5619 10.5617 10.5619 10.5627 10.5641 10.5662 10.569 10.5726 21.4843 21.4902 21.4977 21.5071 10.6119 10.6264 10.6443 10.6663 10.6933 10.7271 10.7686 10.8271 10.907 -1.14933e-49 -1.14933e-49 -1.14933e-49 -1.14933e-49 -1.14933e-49 -1.14933e-49 -1.14933e-49 -1.14933e-49 -1.14933e-49 -1.14933e-49 0 0 0 0 0 0 0 0 0 0 0 0 
0 0 0 0 0 0 0 0 0 -1.14933e-49 -1.14933e-49 -1.14933e-49 -1.14933e-49 -1.14933e-49 -1.14933e-49 -1.14933e-49 -1.14933e-49 -1.14933e-49 -1.14933e-49 -1.14933e-49 10.907 10.8495 10.8154 10.7778 10.748 10.7219 10.7001 10.6817 10.6666 10.6542 13.5667 13.5587 10.6297 10.6246 10.6205 10.6175 10.6155 10.6143 10.6139 10.6143 10.6155 10.6175 10.6205 10.6246 10.6297 13.5587 13.5667 13.5767 21.3746 10.6817 10.7001 10.7219 10.748 10.7778 10.8154 10.8495 10.907 -1.14933e-49 -1.14933e-49 -1.14933e-49 -1.14933e-49 -1.14933e-49 -1.14933e-49 -1.14933e-49 -1.14933e-49 -1.14933e-49 -1.14933e-49 -1.14933e-49 0 0 0 0 0 0 0 0 0 0 0 0 
0 0 0 0 0 0 0 0 0 -1.14933e-49 -1.14933e-49 -1.14933e-49 -1.14933e-49 -1.14933e-49 -1.14933e-49 -1.14933e-49 -1.14933e-49 -1.14933e-49 -1.14933e-49 -1.14933e-49 -1.14933e-49 10.907 10.907 10.8545 10.8261 10.795 10.7703 10.7484 10.7303 10.7153 11.4862 11.4766 10.6856 10.6791 10.6739 10.67 10.6674 10.6659 10.6654 10.6659 10.6674 10.67 10.6739 10.6791 10.6856 11.4766 11.4862 11.4983 21.2632 10.7484 10.7703 10.795 10.8261 10.8545 10.907 10.907 -1.14933e-49 -1.14933e-49 -1.14933e-49 -1.14933e-49 -1.14933e-49 -1.14933e-49 -1.14933e-49 -1.14933e-49 -1.14933e-49 -1.14933e-49 -1.14933e-49 -1.14933e-49 0 0 0 0 0 0 0 0 0 0 0 0 
0 0 0 0 0 0 0 0 0 -1.14933e-49 -1.14933e-49 -1.14933e-49 -1.14933e-49 -1.14933e-49 -1.14933e-49 -1.14933e-49 -1.14933e-49 -1.14933e-49 -1.14933e-49 -1.14933e-49 -1.14933e-49 -1.14933e-49 -1.14933e-49 10.907 10.907 10.8616 10.8376 10.8113 10.7909 10.7734 10.9695 10.9588 10.7401 10.7322 10.7259 10.7213 10.7182 10.7164 10.7158 10.7164 10.7182 10.7213 10.7259 10.7322 10.7401 10.9588 10.9695 10.9833 21.1729 10.8113 10.8376 10.8616 10.907 10.907 -1.14933e-49 -1.14933e-49 -1.14933e-49 -1.14933e-49 -1.14933e-49 -1.14933e-49 -1.14933e-49 -1.14933e-49 -1.14933e-49 -1.14933e-49 -1.14933e-49 -1.14933e-49 -1.14933e-49 -1.14933e-49 0 0 0 0 0 0 0 0 0 0 0 0 
0 0 0 0 0 0 0 0 0 -1.14933e-49 -1.14933e-49 -1.14933e-49 -1.14933e-49 -1.14933e-49 -1.14933e-49 -1.14933e-49 -1.14933e-49 -1.14933e-49 -1.14933e-49 -1.14933e-49 -1.14933e-49 -1.14933e-49 -1.14933e-49 -1.14933e-49 -1.14933e-49 10.907 10.907 10.8685 10.8486 10.8279 10.8695 10.8589 10.7935 10.7839 10.7763 10.771 10.7676 10.7658 10.7652 10.7658 10.7676 10.771 10.7763 10.7839 10.7935 10.8589 10.8695 10.8841 21.1044 10.8685 10.907 10.907 -1.14933e-49 -1.14933e-49 -1.14933e-49 -1.14933e-49 -1.14933e-49 -1.14933e-49 -1.14933e-49 -1.14933e-49 -1.14933e-49 -1.14933e-49 -1.14933e-49 -1.14933e-49 -1.14933e-49 -1.14933e-49 -1.14933e-49 -1.14933e-49 0 0 0 0 0 0 0 0 0 0 0 0 
0 0 0 0 0 0 0 0 0 -1.14933e-49 -1.14933e-49 -1.14933e-49 -1.14933e-49 -1.14933e-49 -1.14933e-49 -1.14933e-49 -1.14933e-49 -1.14933e-49 -1.14933e-49 -1.14933e-49 -1.14933e-49 -1.14933e-49 -1.14933e-49 -1.14933e-49 -1.14933e-49 -1.14933e-49 -1.14933e-49 10.907 10.907 10.8762 10.8779 10.87 10.8473 10.8336 10.8243 10.8187 10.8155 10.8138 10.8133 10.8138 10.8155 10.8187 10.8243 10.8336 10.8473 10.87 10.8779 10.8913 21.0616 10.907 -1.14933e-49 -1.14933e-49 -1.14933e-49 -1.14933e-49 -1.14933e-49 -1.14933e-49 -1.14933e-49 -1.14933e-49 -1.14933e-49 -1.14933e-49 -1.14933e-49 -1.14933e-49 -1.14933e-49 -1.14933e-49 -1.14933e-49 -1.14933e-49 -1.14933e-49 -1.14933e-49 0 0 0 0 0 0 0 0 0 0 0 0 
0 0 0 0 0 0 0 0 0 -1.14933e-49 -1.14933e-49 -1.14933e-49 -1.14933e-49 -1.14933e-49 -1.14933e-49 -1.14933e-49 -1.14933e-49 -1.14933e-49 -1.14933e-49 -1.14933e-49 -1.14933e-49 -1.14933e-49 -1.14933e-49 -1.14933e-49 -1.14933e-49 -1.14933e-49 -1.14933e-49 -1.14933e-49 -1.14933e-49 10.907 10.9111 10.9111 10.907 10.8791 10.8686 10.864 10.8618 10.8608 10.8605 10.8608 10.8618 10.864 10.8686 10.8791 10.907 10.9111 10.9111 10.9111 10.0785 -1.14933e-49 -1.14933e-49 -1.14933e-49 -1.14933e-49 -1.14933e-49 -1.14933e-49 -1.14933e-49 -1.14933e-49 -1.14933e-49 -1.14933e-49 -1.14933e-49 -1.14933e-49 -1.14933e-49 -1.14933e-49 -1.14933e-49 -1.14933e-49 -1.14933e-49 -1.14933e-49 -1.14933e-49 0 0 0 0 0 0 0 0 0 0 0 0 
0 0 0 0 0 0 0 0 0 -1.14933e-49 -1.14933e-49 -1.14933e-49 -1.14933e-49 -1.14933e-49 -1.14933e-49 -1.14933e-49 -1.14933e-49 -1.14933e-49 -1.14933e-49 -1.14933e-49 -1.14933e-49 -1.14933e-49 -1.14933e-49 -1.14933e-49 -1.14933e-49 -1.14933e-49 -1.14933e-49 -1.14933e-49 -1.14933e-49 6.48068e-07 0.00108318 0.00108318 1.07419e-12 10.907 10.907 10.907 10.907 10.907 10.907 10.907 10.907 10.907 10.907 10.907 1.07419e-12 0.00108318 0.00108318 0.00108318 10.0279 -1.14933e-49 -1.14933e-49 -1.14933e-49 -1.14933e-49 -1.14933e-49 -1.14933e-49 -1.14933e-49 -1.14933e-49 -1.14933e-49 -1.14933e-49 -1.14933e-49 -1.14933e-49 -1.14933e-49 -1.14933e-49 -1.14933e-49 -1.14933e-49 -1.14933e-49 -1.14933e-49 -1.14933e-49 0 0 0 0 0 0 0 0 0 0 0 0 
0 0 0 0 0 0 0 0 0 0 0 0 0 0 0 0 0 0 0 0 0 0 0 0 0 0 0 0 0 2.73438e-06 0.000295639 0.000295639 -2.95404e-13 -2.95404e-13 -2.95404e-13 -2.95404e-13 -2.95404e-13 -2.95404e-13 -2.95404e-13 -2.95404e-13 -2.95404e-13 -2.95404e-13 -2.95404e-13 -2.95404e-13 -2.95404e-13 0.000295639 0.000295639 0.000295639 10.0029 0 0 0 0 0 0 0 0 0 0 0 0 0 0 0 0 0 0 0 0 0 0 0 0 0 0 0 0 0 0 0 
0 0 0 0 0 0 0 0 0 0 0 0 0 0 0 0 0 0 0 0 0 0 0 0 0 0 0 0 0 1.08487e-05 9.93788e-05 9.93788e-05 1.02382e-13 1.02382e-13 1.02382e-13 1.02382e-13 1.02382e-13 1.02382e-13 1.02382e-13 1.02382e-13 1.02382e-13 1.02382e-13 1.02382e-13 1.02382e-13 1.02382e-13 9.93788e-05 9.93788e-05 9.93788e-05 10.0035 0 0 0 0 0 0 0 0 0 0 0 0 0 0 0 0 0 0 0 0 0 0 0 0 0 0 0 0 0 0 0 
0 0 0 0 0 0 0 0 0 0 0 0 0 0 0 0 0 0 0 0 0 0 0 0 0 0 0 0 0 4.34392e-05 0.000101876 0.000101876 -3.20956e-14 -3.20956e-14 -3.20956e-14 -3.20956e-14 -3.20956e-14 -3.20956e-14 -3.20956e-14 -3.20956e-14 -3.20956e-14 -3.20956e-14 -3.20956e-14 -3.20956e-14 -3.20956e-14 0.000101876 0.000101876 0.000101876 10.0297 0 0 0 0 0 0 0 0 0 0 0 0 0 0 0 0 0 0 0 0 0 0 0 0 0 0 0 0 0 0 0 
0 0 0 0 0 0 0 0 0 0 0 0 0 0 0 0 0 0 0 0 0 0 0 0 0 0 0 0 0 0.000173739 0.000308127 0.000308127 9.67001e-15 9.67001e-15 9.67001e-15 9.67001e-15 9.67001e-15 9.67001e-15 9.67001e-15 9.67001e-15 9.67001e-15 9.67001e-15 9.67001e-15 9.67001e-15 9.67001e-15 0.000308127 0.000308127 0.000308127 10.0815 0 0 0 0 0 0 0 0 0 0 0 0 0 0 0 0 0 0 0 0 0 0 0 0 0 0 0 0 0 0 0 
0 0 0 0 0 0 0 0 0 0 0 0 0 0 0 0 0 0 0 0 0 0 0 0 0 0 0 0 0 0.000694961 0.00113063 0.00113063 -3.25927e-15 -3.25927e-15 -3.25927e-15 -3.25927e-15 -3.25927e-15 -3.25927e-15 -3.25927e-15 -3.25927e-15 -3.25927e-15 -3.25927e-15 -3.25927e-15 -3.25927e-15 -3.25927e-15 0.00113063 0.00113063 0.00113063 10.1587 0 0 0 0 0 0 0 0 0 0 0 0 0 0 0 0 0 0 0 0 0 0 0 0 0 0 0 0 0 0 0 
0 0 0 0 0 0 0 0 0 0 0 0 0 0 0 0 0 0 0 0 0 0 0 0 0 0 0 0 0 0.00277984 0.0042144 0.0042144 9.82747e-16 9.82747e-16 9.82747e-16 9.82747e-16 9.82747e-16 9.82747e-16 9.82747e-16 9.82747e-16 9.82747e-16 9.82747e-16 9.82747e-16 9.82747e-16 9.82747e-16 0.0042144 0.0042144 0.0042144 10.2611 0 0 0 0 0 0 0 0 0 0 0 0 0 0 0 0 0 0 0 0 0 0 0 0 0 0 0 0 0 0 0 
0 0 0 0 0 0 0 0 0 0 0 0 0 0 0 0 0 0 0 0 0 0 0 0 0 0 0 0 0 0.0111194 0.015727 0.015727 -3.17103e-16 -3.17103e-16 -3.17103e-16 -3.17103e-16 -3.17103e-16 -3.17103e-16 -3.17103e-16 -3.17103e-16 -3.17103e-16 -3.17103e-16 -3.17103e-16 -3.17103e-16 -3.17103e-16 0.015727 0.015727 0.015727 10.3885 0 0 0 0 0 0 0 0 0 0 0 0 0 0 0 0 0 0 0 0 0 0 0 0 0 0 0 0 0 0 0 
0 0 0 0 0 0 0 0 0 0 0 0 0 0 0 0 0 0 0 0 0 0 0 0 0 0 0 0 0 0.0444775 0.0586935 0.0586935 1.00651e-16 1.00651e-16 1.00651e-16 1.00651e-16 1.00651e-16 1.00651e-16 1.00651e-16 1.00651e-16 1.00651e-16 1.00651e-16 1.00651e-16 1.00651e-16 1.00651e-16 0.0586935 0.0586935 0.0586935 10.5405 0 0 0 0 0 0 0 0 0 0 0 0 0 0 0 0 0 0 0 0 0 0 0 0 0 0 0 0 0 0 0 
0 0 0 0 0 0 0 0 0 0 0 0 0 0 0 0 0 0 0 0 0 0 0 0 0 0 0 0 0 0.17791 0.219047 0.219047 -3.13369e-17 -3.13369e-17 -3.13369e-17 -3.13369e-17 -3.13369e-17 -3.13369e-17 -3.13369e-17 -3.13369e-17 -3.13369e-17 -3.13369e-17 -3.13369e-17 -3.13369e-17 -3.13369e-17 0.219047 0.219047 0.219047 10.7168 0 0 0 0 0 0 0 0 0 0 0 0 0 0 0 0 0 0 0 0 0 0 0 0 0 0 0 0 0 0 0 
0 0 0 0 0 0 0 0 0 0 0 0 0 0 0 0 0 0 0 0 0 0 0 0 0 0 0 0 0 0.711639 0.817494 0.817494 1.00668e-17 1.00668e-17 1.00668e-17 1.00668e-17 1.00668e-17 1.00668e-17 1.00668e-17 1.00668e-17 1.00668e-17 1.00668e-17 1.00668e-17 1.00668e-17 1.00668e-17 0.817494 0.817494 0.817494 10.9168 0 0 0 0 0 0 0 0 0 0 0 0 0 0 0 0 0 0 0 0 0 0 0 0 0 0 0 0 0 0 0 
0 0 0 0 0 0 0 0 0 0 0 0 0 0 0 0 0 0 0 0 0 0 0 0 0 0 0 0 0 2.84656 3.05093 3.05093 -3.15371e-18 -3.15371e-18 -3.15371e-18 -3.15371e-18 -3.15371e-18 -3.15371e-18 -3.15371e-18 -3.15371e-18 -3.15371e-18 -3.15371e-18 -3.15371e-18 -3.15371e-18 -3.15371e-18 3.05093 3.05093 3.05093 11.1402 0 0 0 0 0 0 0 0 0 0 0 0 0 0 0 0 0 0 0 0 0 0 0 0 0 0 0 0 0 0 0 
0 0 0 0 0 0 0 0 0 0 0 0 0 0 0 0 0 0 0 0 0 0 0 0 0 0 0 0 0 11.3862 11.3862 11.3862 1e-18 1e-18 1e-18 1e-18 1e-18 1e-18 1e-18 1e-18 1e-18 1e-18 1e-18 1e-18 1e-18 11.3862 11.3862 11.3862 11.3862 0 0 0 0 0 0 0 0 0 0 0 0 0 0 0 0 0 0 0 0 0 0 0 0 0 0 0 0 0 0 0 
