3025
-2 2 0
-1.92593 2 0
-1.85185 2 0
-1.77778 2 0
-1.7037 2 0
-1.62963 2 0
-1.55556 2 0
-1.48148 2 0
-1.40741 2 0
-1.33333 2 0
-1.25926 2 0
-1.18519 2 0
-1.11111 2 0
-1.03704 2 0
-0.962963 2 0
-0.888889 2 0
-0.814815 2 0
-0.740741 2 0
-0.666667 2 0
-0.592593 2 0
-0.518519 2 0
-0.444444 2 0
-0.37037 2 0
-0.296296 2 0
-0.222222 2 0
-0.148148 2 0
-0.0740741 2 0
0 2 0
0.0740741 2 0
0.148148 2 0
0.222222 2 0
0.296296 2 0
0.37037 2 0
0.444444 2 0
0.518519 2 0
0.592593 2 0
0.666667 2 0
0.740741 2 0
0.814815 2 0
0.888889 2 0
0.962963 2 0
1.03704 2 0
1.11111 2 0
1.18519 2 0
1.25926 2 0
1.33333 2 0
1.40741 2 0
1.48148 2 0
1.55556 2 0
1.62963 2 0
1.7037 2 0
1.77778 2 0
1.85185 2 0
1.92593 2 0
2 2 0
-2 2.07407 0
-1.92593 2.07407 0.00102582
-1.85185 2.07407 0.0020446
-1.77778 2.07407 0.00304948
-1.7037 2.07407 0.00403395
-1.62963 2.07407 0.00499197
-1.55556 2.07407 0.00591813
-1.48148 2.07407 0.0068077
-1.40741 2.07407 0.00765671
-1.33333 2.07407 0.00846197
-1.25926 2.07407 0.00922106
-1.18519 2.07407 0.00993227
-1.11111 2.07407 0.0105946
-1.03704 2.07407 0.0112076
-0.962963 2.07407 0.0117713
-0.888889 2.07407 0.0122863
-0.814815 2.07407 0.0127534
-0.740741 2.07407 0.0131737
-0.666667 2.07407 0.0135485
-0.592593 2.07407 0.0138791
-0.518519 2.07407 0.0141669
-0.444444 2.07407 0.0144132
-0.37037 2.07407 0.0146193
-0.296296 2.07407 0.0147863
-0.222222 2.07407 0.0149151
-0.148148 2.07407 0.0150066
-0.0740741 2.07407 0.0150612
0 2.07407 0.0150794
0.0740741 2.07407 0.0150612
0.148148 2.07407 0.0150066
0.222222 2.07407 0.0149152
0.296296 2.07407 0.0147864
0.37037 2.07407 0.0146194
0.444444 2.07407 0.0144134
0.518519 2.07407 0.0141671
0.592593 2.07407 0.0138793
0.666667 2.07407 0.0135487
0.740741 2.07407 0.0131739
0.814815 2.07407 0.0127536
0.888889 2.07407 0.0122865
0.962963 2.07407 0.0117715
1.03704 2.07407 0.0112078
1.11111 2.07407 0.0105948
1.18519 2.07407 0.00993249
1.25926 2.07407 0.00922128
1.33333 2.07407 0.00846219
1.40741 2.07407 0.00765691
1.48148 2.07407 0.00680789
1.55556 2.07407 0.0059183
1.62963 2.07407 0.00499212
1.7037 2.07407 0.00403408
1.77778 2.07407 0.00304958
1.85185 2.07407 0.00204467
1.92593 2.07407 0.00102585
2 2.07407 0
-2 2.14815 0
-1.92593 2.14815 0.00205867
-1.85185 2.14815 0.0041031
-1.77778 2.14815 0.00611939
-1.7037 2.14815 0.00809436
-1.62963 2.14815 0.0100158
-1.55556 2.14815 0.0118729
-1.48148 2.14815 0.013656
-1.40741 2.14815 0.0153572
-1.33333 2.14815 0.0169702
-1.25926 2.14815 0.01849
-1.18519 2.14815 0.0199135
-1.11111 2.14815 0.0212385
-1.03704 2.14815 0.0224644
-0.962963 2.14815 0.0235913
-0.888889 2.14815 0.0246205
-0.814815 2.14815 0.0255537
-0.740741 2.14815 0.0263931
-0.666667 2.14815 0.0271413
-0.592593 2.14815 0.0278011
-0.518519 2.14815 0.0283754
-0.444444 2.14815 0.0288667
-0.37037 2.14815 0.0292778
-0.296296 2.14815 0.0296108
-0.222222 2.14815 0.0298676
-0.148148 2.14815 0.03005
-0.0740741 2.14815 0.0301589
0 2.14815 0.0301952
0.0740741 2.14815 0.030159
0.148148 2.14815 0.0300501
0.222222 2.14815 0.0298678
0.296296 2.14815 0.029611
0.37037 2.14815 0.029278
0.444444 2.14815 0.028867
0.518519 2.14815 0.0283757
0.592593 2.14815 0.0278015
0.666667 2.14815 0.0271417
0.740741 2.14815 0.0263934
0.814815 2.14815 0.0255541
0.888889 2.14815 0.0246209
0.962963 2.14815 0.0235918
1.03704 2.14815 0.0224648
1.11111 2.14815 0.021239
1.18519 2.14815 0.0199139
1.25926 2.14815 0.0184905
1.33333 2.14815 0.0169706
1.40741 2.14815 0.0153576
1.48148 2.14815 0.0136563
1.55556 2.14815 0.0118732
1.62963 2.14815 0.0100161
1.7037 2.14815 0.00809461
1.77778 2.14815 0.00611959
1.85185 2.14815 0.00410324
1.92593 2.14815 0.00205875
2 2.14815 0
-2 2.22222 0
-1.92593 2.22222 0.00310579
-1.85185 2.22222 0.00618975
-1.77778 2.22222 0.00923064
-1.7037 2.22222 0.0122083
-1.62963 2.22222 0.0151041
-1.55556 2.22222 0.0179016
-1.48148 2.22222 0.0205862
-1.40741 2.22222 0.023146
-1.33333 2.22222 0.0255714
-1.25926 2.22222 0.0278554
-1.18519 2.22222 0.0299931
-1.11111 2.22222 0.0319817
-1.03704 2.22222 0.0338202
-0.962963 2.22222 0.0355093
-0.888889 2.22222 0.0370508
-0.814815 2.22222 0.0384477
-0.740741 2.22222 0.0397036
-0.666667 2.22222 0.0408225
-0.592593 2.22222 0.0418088
-0.518519 2.22222 0.0426668
-0.444444 2.22222 0.0434007
-0.37037 2.22222 0.0440144
-0.296296 2.22222 0.0445114
-0.222222 2.22222 0.0448948
-0.148148 2.22222 0.0451669
-0.0740741 2.22222 0.0453294
0 2.22222 0.0453835
0.0740741 2.22222 0.0453295
0.148148 2.22222 0.045167
0.222222 2.22222 0.044895
0.296296 2.22222 0.0445117
0.37037 2.22222 0.0440147
0.444444 2.22222 0.0434011
0.518519 2.22222 0.0426672
0.592593 2.22222 0.0418093
0.666667 2.22222 0.040823
0.740741 2.22222 0.0397042
0.814815 2.22222 0.0384483
0.888889 2.22222 0.0370514
0.962963 2.22222 0.0355099
1.03704 2.22222 0.0338208
1.11111 2.22222 0.0319823
1.18519 2.22222 0.0299938
1.25926 2.22222 0.0278561
1.33333 2.22222 0.0255721
1.40741 2.22222 0.0231466
1.48148 2.22222 0.0205867
1.55556 2.22222 0.0179021
1.62963 2.22222 0.0151046
1.7037 2.22222 0.0122087
1.77778 2.22222 0.00923093
1.85185 2.22222 0.00618995
1.92593 2.22222 0.00310589
2 2.22222 0
-2 2.2963 0
-1.92593 2.2963 0.00417473
-1.85185 2.2963 0.0083195
-1.77778 2.2963 0.0124051
-1.7037 2.2963 0.016404
-1.62963 2.2963 0.0202909
-1.55556 2.2963 0.0240431
-1.48148 2.2963 0.0276412
-1.40741 2.2963 0.0310691
-1.33333 2.2963 0.0343143
-1.25926 2.2963 0.0373673
-1.18519 2.2963 0.0402219
-1.11111 2.2963 0.0428749
-1.03704 2.2963 0.0453255
-0.962963 2.2963 0.0475748
-0.888889 2.2963 0.0496258
-0.814815 2.2963 0.0514828
-0.740741 2.2963 0.0531511
-0.666667 2.2963 0.0546364
-0.592593 2.2963 0.0559448
-0.518519 2.2963 0.0570823
-0.444444 2.2963 0.0580548
-0.37037 2.2963 0.0588677
-0.296296 2.2963 0.0595258
-0.222222 2.2963 0.0600333
-0.148148 2.2963 0.0603933
-0.0740741 2.2963 0.0606084
0 2.2963 0.06068
0.0740741 2.2963 0.0606085
0.148148 2.2963 0.0603935
0.222222 2.2963 0.0600335
0.296296 2.2963 0.0595262
0.37037 2.2963 0.0588682
0.444444 2.2963 0.0580553
0.518519 2.2963 0.0570829
0.592593 2.2963 0.0559455
0.666667 2.2963 0.0546371
0.740741 2.2963 0.0531519
0.814815 2.2963 0.0514837
0.888889 2.2963 0.0496266
0.962963 2.2963 0.0475756
1.03704 2.2963 0.0453263
1.11111 2.2963 0.0428758
1.18519 2.2963 0.0402228
1.25926 2.2963 0.0373681
1.33333 2.2963 0.0343151
1.40741 2.2963 0.0310699
1.48148 2.2963 0.0276419
1.55556 2.2963 0.0240438
1.62963 2.2963 0.0202915
1.7037 2.2963 0.0164045
1.77778 2.2963 0.0124055
1.85185 2.2963 0.00831976
1.92593 2.2963 0.00417487
2 2.2963 0
-2 2.37037 0
-1.92593 2.37037 0.00527366
-1.85185 2.37037 0.0105084
-1.77778 2.37037 0.0156664
-1.7037 2.37037 0.0207119
-1.62963 2.37037 0.0256124
-1.55556 2.37037 0.0303388
-1.48148 2.37037 0.0348665
-1.40741 2.37037 0.0391752
-1.33333 2.37037 0.0432493
-1.25926 2.37037 0.0470774
-1.18519 2.37037 0.0506524
-1.11111 2.37037 0.0539708
-1.03704 2.37037 0.057032
-0.962963 2.37037 0.0598386
-0.888889 2.37037 0.0623949
-0.814815 2.37037 0.0647069
-0.740741 2.37037 0.0667818
-0.666667 2.37037 0.0686274
-0.592593 2.37037 0.0702518
-0.518519 2.37037 0.071663
-0.444444 2.37037 0.0728687
-0.37037 2.37037 0.0738759
-0.296296 2.37037 0.074691
-0.222222 2.37037 0.0753193
-0.148148 2.37037 0.0757649
-0.0740741 2.37037 0.076031
0 2.37037 0.0761196
0.0740741 2.37037 0.0760312
0.148148 2.37037 0.0757651
0.222222 2.37037 0.0753196
0.296296 2.37037 0.0746915
0.37037 2.37037 0.0738765
0.444444 2.37037 0.0728693
0.518519 2.37037 0.0716637
0.592593 2.37037 0.0702526
0.666667 2.37037 0.0686283
0.740741 2.37037 0.0667827
0.814815 2.37037 0.0647079
0.888889 2.37037 0.0623959
0.962963 2.37037 0.0598397
1.03704 2.37037 0.0570331
1.11111 2.37037 0.0539719
1.18519 2.37037 0.0506535
1.25926 2.37037 0.0470785
1.33333 2.37037 0.0432503
1.40741 2.37037 0.0391762
1.48148 2.37037 0.0348674
1.55556 2.37037 0.0303396
1.62963 2.37037 0.0256131
1.7037 2.37037 0.0207125
1.77778 2.37037 0.0156668
1.85185 2.37037 0.0105087
1.92593 2.37037 0.00527383
2 2.37037 0
-2 2.44444 0
-1.92593 2.44444 0.00641152
-1.85185 2.44444 0.0127741
-1.77778 2.44444 0.0190401
-1.7037 2.44444 0.0251649
-1.62963 2.44444 0.0311079
-1.55556 2.44444 0.0368332
-1.48148 2.44444 0.0423107
-1.40741 2.44444 0.0475159
-1.33333 2.44444 0.0524303
-1.25926 2.44444 0.0570409
-1.18519 2.44444 0.0613397
-1.11111 2.44444 0.0653237
-1.03704 2.44444 0.0689934
-0.962963 2.44444 0.0723528
-0.888889 2.44444 0.0754083
-0.814815 2.44444 0.0781681
-0.740741 2.44444 0.0806418
-0.666667 2.44444 0.0828396
-0.592593 2.44444 0.084772
-0.518519 2.44444 0.0864493
-0.444444 2.44444 0.0878811
-0.37037 2.44444 0.0890765
-0.296296 2.44444 0.0900432
-0.222222 2.44444 0.0907879
-0.148148 2.44444 0.0913161
-0.0740741 2.44444 0.0916314
0 2.44444 0.0917363
0.0740741 2.44444 0.0916315
0.148148 2.44444 0.0913163
0.222222 2.44444 0.0907884
0.296296 2.44444 0.0900437
0.37037 2.44444 0.0890771
0.444444 2.44444 0.0878819
0.518519 2.44444 0.0864502
0.592593 2.44444 0.084773
0.666667 2.44444 0.0828407
0.740741 2.44444 0.0806429
0.814815 2.44444 0.0781693
0.888889 2.44444 0.0754095
0.962963 2.44444 0.0723541
1.03704 2.44444 0.0689947
1.11111 2.44444 0.065325
1.18519 2.44444 0.061341
1.25926 2.44444 0.0570421
1.33333 2.44444 0.0524315
1.40741 2.44444 0.0475171
1.48148 2.44444 0.0423118
1.55556 2.44444 0.0368342
1.62963 2.44444 0.0311087
1.7037 2.44444 0.0251656
1.77778 2.44444 0.0190406
1.85185 2.44444 0.0127744
1.92593 2.44444 0.00641173
2 2.44444 0
-2 2.51852 0
-1.92593 2.51852 0.00759839
-1.85185 2.51852 0.0151363
-1.77778 2.51852 0.022555
-1.7037 2.51852 0.0297998
-1.62963 2.51852 0.0368211
-1.55556 2.51852 0.0435756
-1.48148 2.51852 0.0500273
-1.40741 2.51852 0.0561476
-1.33333 2.51852 0.0619153
-1.25926 2.51852 0.067316
-1.18519 2.51852 0.0723421
-1.11111 2.51852 0.076991
-1.03704 2.51852 0.0812653
-0.962963 2.51852 0.0851711
-0.888889 2.51852 0.0887175
-0.814815 2.51852 0.0919155
-0.740741 2.51852 0.0947778
-0.666667 2.51852 0.0973174
-0.592593 2.51852 0.0995476
-0.518519 2.51852 0.101481
-0.444444 2.51852 0.10313
-0.37037 2.51852 0.104506
-0.296296 2.51852 0.105617
-0.222222 2.51852 0.106473
-0.148148 2.51852 0.10708
-0.0740741 2.51852 0.107442
0 2.51852 0.107563
0.0740741 2.51852 0.107443
0.148148 2.51852 0.10708
0.222222 2.51852 0.106474
0.296296 2.51852 0.105618
0.37037 2.51852 0.104506
0.444444 2.51852 0.103131
0.518519 2.51852 0.101482
0.592593 2.51852 0.0995487
0.666667 2.51852 0.0973186
0.740741 2.51852 0.0947791
0.814815 2.51852 0.0919169
0.888889 2.51852 0.0887189
0.962963 2.51852 0.0851726
1.03704 2.51852 0.0812668
1.11111 2.51852 0.0769925
1.18519 2.51852 0.0723436
1.25926 2.51852 0.0673175
1.33333 2.51852 0.0619167
1.40741 2.51852 0.0561489
1.48148 2.51852 0.0500285
1.55556 2.51852 0.0435767
1.62963 2.51852 0.0368221
1.7037 2.51852 0.0298006
1.77778 2.51852 0.0225557
1.85185 2.51852 0.0151367
1.92593 2.51852 0.00759862
2 2.51852 0
-2 2.59259 0
-1.92593 2.59259 0.00884579
-1.85185 2.59259 0.0176176
-1.77778 2.59259 0.0262439
-1.7037 2.59259 0.0346583
-1.62963 2.59259 0.0428011
-1.55556 2.59259 0.0506208
-1.48148 2.59259 0.0580754
-1.40741 2.59259 0.065132
-1.33333 2.59259 0.0717672
-1.25926 2.59259 0.0779661
-1.18519 2.59259 0.0837215
-1.11111 2.59259 0.0890331
-1.03704 2.59259 0.0939058
-0.962963 2.59259 0.0983489
-0.888889 2.59259 0.102375
-0.814815 2.59259 0.105999
-0.740741 2.59259 0.109237
-0.666667 2.59259 0.112105
-0.592593 2.59259 0.11462
-0.518519 2.59259 0.116798
-0.444444 2.59259 0.118653
-0.37037 2.59259 0.120199
-0.296296 2.59259 0.121448
-0.222222 2.59259 0.122408
-0.148148 2.59259 0.123089
-0.0740741 2.59259 0.123495
0 2.59259 0.12363
0.0740741 2.59259 0.123495
0.148148 2.59259 0.123089
0.222222 2.59259 0.122409
0.296296 2.59259 0.121448
0.37037 2.59259 0.1202
0.444444 2.59259 0.118654
0.518519 2.59259 0.116799
0.592593 2.59259 0.114621
0.666667 2.59259 0.112106
0.740741 2.59259 0.109238
0.814815 2.59259 0.106
0.888889 2.59259 0.102377
0.962963 2.59259 0.0983506
1.03704 2.59259 0.0939075
1.11111 2.59259 0.0890348
1.18519 2.59259 0.0837232
1.25926 2.59259 0.0779677
1.33333 2.59259 0.0717688
1.40741 2.59259 0.0651335
1.48148 2.59259 0.0580768
1.55556 2.59259 0.0506221
1.62963 2.59259 0.0428022
1.7037 2.59259 0.0346593
1.77778 2.59259 0.0262447
1.85185 2.59259 0.0176181
1.92593 2.59259 0.00884606
2 2.59259 0
-2 2.66667 0
-1.92593 2.66667 0.0101672
-1.85185 2.66667 0.0202444
-1.77778 2.66667 0.0301449
-1.7037 2.66667 0.0397885
-1.62963 2.66667 0.0491041
-1.55556 2.66667 0.0580313
-1.48148 2.66667 0.0665215
-1.40741 2.66667 0.0745379
-1.33333 2.66667 0.0820555
-1.25926 2.66667 0.0890596
-1.18519 2.66667 0.095545
-1.11111 2.66667 0.101514
-1.03704 2.66667 0.106976
-0.962963 2.66667 0.111944
-0.888889 2.66667 0.116435
-0.814815 2.66667 0.120469
-0.740741 2.66667 0.124065
-0.666667 2.66667 0.127245
-0.592593 2.66667 0.13003
-0.518519 2.66667 0.132437
-0.444444 2.66667 0.134485
-0.37037 2.66667 0.13619
-0.296296 2.66667 0.137566
-0.222222 2.66667 0.138623
-0.148148 2.66667 0.139372
-0.0740741 2.66667 0.139819
0 2.66667 0.139968
0.0740741 2.66667 0.139819
0.148148 2.66667 0.139373
0.222222 2.66667 0.138624
0.296296 2.66667 0.137566
0.37037 2.66667 0.136191
0.444444 2.66667 0.134486
0.518519 2.66667 0.132438
0.592593 2.66667 0.130031
0.666667 2.66667 0.127247
0.740741 2.66667 0.124067
0.814815 2.66667 0.12047
0.888889 2.66667 0.116437
0.962963 2.66667 0.111946
1.03704 2.66667 0.106978
1.11111 2.66667 0.101516
1.18519 2.66667 0.0955469
1.25926 2.66667 0.0890615
1.33333 2.66667 0.0820573
1.40741 2.66667 0.0745396
1.48148 2.66667 0.066523
1.55556 2.66667 0.0580327
1.62963 2.66667 0.0491054
1.7037 2.66667 0.0397896
1.77778 2.66667 0.0301457
1.85185 2.66667 0.020245
1.92593 2.66667 0.0101675
2 2.66667 0
-2 2.74074 0
-1.92593 2.74074 0.0115787
-1.85185 2.74074 0.023048
-1.77778 2.74074 0.0343028
-1.7037 2.74074 0.0452468
-1.62963 2.74074 0.0557956
-1.55556 2.74074 0.0658789
-1.48148 2.74074 0.0754413
-1.40741 2.74074 0.0844428
-1.33333 2.74074 0.0928573
-1.25926 2.74074 0.100672
-1.18519 2.74074 0.107885
-1.11111 2.74074 0.114503
-1.03704 2.74074 0.12054
-0.962963 2.74074 0.126016
-0.888889 2.74074 0.130953
-0.814815 2.74074 0.135376
-0.740741 2.74074 0.13931
-0.666667 2.74074 0.142782
-0.592593 2.74074 0.145816
-0.518519 2.74074 0.148435
-0.444444 2.74074 0.15066
-0.37037 2.74074 0.152511
-0.296296 2.74074 0.154002
-0.222222 2.74074 0.155147
-0.148148 2.74074 0.155958
-0.0740741 2.74074 0.156442
0 2.74074 0.156603
0.0740741 2.74074 0.156442
0.148148 2.74074 0.155959
0.222222 2.74074 0.155148
0.296296 2.74074 0.154003
0.37037 2.74074 0.152512
0.444444 2.74074 0.150662
0.518519 2.74074 0.148437
0.592593 2.74074 0.145818
0.666667 2.74074 0.142784
0.740741 2.74074 0.139312
0.814815 2.74074 0.135378
0.888889 2.74074 0.130955
0.962963 2.74074 0.126018
1.03704 2.74074 0.120542
1.11111 2.74074 0.114505
1.18519 2.74074 0.107887
1.25926 2.74074 0.100674
1.33333 2.74074 0.0928593
1.40741 2.74074 0.0844446
1.48148 2.74074 0.0754431
1.55556 2.74074 0.0658805
1.62963 2.74074 0.055797
1.7037 2.74074 0.0452479
1.77778 2.74074 0.0343036
1.85185 2.74074 0.0230486
1.92593 2.74074 0.011579
2 2.74074 0
-2 2.81481 0
-1.92593 2.81481 0.0130997
-1.85185 2.81481 0.026066
-1.77778 2.81481 0.0387714
-1.7037 2.81481 0.0511003
-1.62963 2.81481 0.0629528
-1.55556 2.81481 0.0742475
-1.48148 2.81481 0.0849223
-1.40741 2.81481 0.0949346
-1.33333 2.81481 0.104259
-1.25926 2.81481 0.112886
-1.18519 2.81481 0.12082
-1.11111 2.81481 0.128072
-1.03704 2.81481 0.134666
-0.962963 2.81481 0.140626
-0.888889 2.81481 0.145984
-0.814815 2.81481 0.150771
-0.740741 2.81481 0.155018
-0.666667 2.81481 0.158758
-0.592593 2.81481 0.162018
-0.518519 2.81481 0.164828
-0.444444 2.81481 0.167211
-0.37037 2.81481 0.16919
-0.296296 2.81481 0.170784
-0.222222 2.81481 0.172007
-0.148148 2.81481 0.172872
-0.0740741 2.81481 0.173387
0 2.81481 0.173559
0.0740741 2.81481 0.173388
0.148148 2.81481 0.172872
0.222222 2.81481 0.172007
0.296296 2.81481 0.170784
0.37037 2.81481 0.169191
0.444444 2.81481 0.167213
0.518519 2.81481 0.164829
0.592593 2.81481 0.16202
0.666667 2.81481 0.158759
0.740741 2.81481 0.15502
0.814815 2.81481 0.150773
0.888889 2.81481 0.145986
0.962963 2.81481 0.140629
1.03704 2.81481 0.134668
1.11111 2.81481 0.128075
1.18519 2.81481 0.120822
1.25926 2.81481 0.112889
1.33333 2.81481 0.104261
1.40741 2.81481 0.0949366
1.48148 2.81481 0.0849242
1.55556 2.81481 0.0742492
1.62963 2.81481 0.0629543
1.7037 2.81481 0.0511016
1.77778 2.81481 0.0387724
1.85185 2.81481 0.0260667
1.92593 2.81481 0.0131001
2 2.81481 0
-2 2.88889 0
-1.92593 2.88889 0.0147542
-1.85185 2.88889 0.0293448
-1.77778 2.88889 0.0436167
-1.7037 2.88889 0.0574304
-1.62963 2.88889 0.070668
-1.55556 2.88889 0.0832359
-1.48148 2.88889 0.095066
-1.40741 2.88889 0.106114
-1.33333 2.88889 0.116359
-1.25926 2.88889 0.125795
-1.18519 2.88889 0.134435
-1.11111 2.88889 0.142301
-1.03704 2.88889 0.149425
-0.962963 2.88889 0.15584
-0.888889 2.88889 0.161587
-0.814815 2.88889 0.166706
-0.740741 2.88889 0.171235
-0.666667 2.88889 0.175211
-0.592593 2.88889 0.178671
-0.518519 2.88889 0.181647
-0.444444 2.88889 0.184167
-0.37037 2.88889 0.186256
-0.296296 2.88889 0.187936
-0.222222 2.88889 0.189224
-0.148148 2.88889 0.190135
-0.0740741 2.88889 0.190677
0 2.88889 0.190858
0.0740741 2.88889 0.190677
0.148148 2.88889 0.190135
0.222222 2.88889 0.189225
0.296296 2.88889 0.187937
0.37037 2.88889 0.186257
0.444444 2.88889 0.184168
0.518519 2.88889 0.181648
0.592593 2.88889 0.178673
0.666667 2.88889 0.175213
0.740741 2.88889 0.171237
0.814815 2.88889 0.166708
0.888889 2.88889 0.16159
0.962963 2.88889 0.155843
1.03704 2.88889 0.149427
1.11111 2.88889 0.142304
1.18519 2.88889 0.134438
1.25926 2.88889 0.125797
1.33333 2.88889 0.116361
1.40741 2.88889 0.106116
1.48148 2.88889 0.095068
1.55556 2.88889 0.0832377
1.62963 2.88889 0.0706695
1.7037 2.88889 0.0574317
1.77778 2.88889 0.0436177
1.85185 2.88889 0.0293456
1.92593 2.88889 0.0147546
2 2.88889 0
-2 2.96296 0
-1.92593 2.96296 0.0165724
-1.85185 2.96296 0.0329426
-1.77778 2.96296 0.0489201
-1.7037 2.96296 0.0643366
-1.62963 2.96296 0.0790528
-1.55556 2.96296 0.0929623
-1.48148 2.96296 0.105992
-1.40741 2.96296 0.118098
-1.33333 2.96296 0.129266
-1.25926 2.96296 0.1395
-1.18519 2.96296 0.148825
-1.11111 2.96296 0.157274
-1.03704 2.96296 0.164891
-0.962963 2.96296 0.171723
-0.888889 2.96296 0.17782
-0.814815 2.96296 0.18323
-0.740741 2.96296 0.188003
-0.666667 2.96296 0.192182
-0.592593 2.96296 0.195809
-0.518519 2.96296 0.198922
-0.444444 2.96296 0.201553
-0.37037 2.96296 0.203731
-0.296296 2.96296 0.20548
-0.222222 2.96296 0.20682
-0.148148 2.96296 0.207766
-0.0740741 2.96296 0.20833
0 2.96296 0.208517
0.0740741 2.96296 0.20833
0.148148 2.96296 0.207767
0.222222 2.96296 0.206821
0.296296 2.96296 0.205481
0.37037 2.96296 0.203732
0.444444 2.96296 0.201554
0.518519 2.96296 0.198924
0.592593 2.96296 0.195811
0.666667 2.96296 0.192184
0.740741 2.96296 0.188005
0.814815 2.96296 0.183233
0.888889 2.96296 0.177822
0.962963 2.96296 0.171725
1.03704 2.96296 0.164893
1.11111 2.96296 0.157276
1.18519 2.96296 0.148827
1.25926 2.96296 0.139503
1.33333 2.96296 0.129268
1.40741 2.96296 0.1181
1.48148 2.96296 0.105994
1.55556 2.96296 0.0929642
1.62963 2.96296 0.0790545
1.7037 2.96296 0.064338
1.77778 2.96296 0.0489212
1.85185 2.96296 0.0329433
1.92593 2.96296 0.0165728
2 2.96296 0
-2 3.03704 0
-1.92593 3.03704 0.0185929
-1.85185 3.03704 0.036933
-1.77778 3.03704 0.0547846
-1.7037 3.03704 0.0719431
-1.62963 3.03704 0.0882445
-1.55556 3.03704 0.103569
-1.48148 3.03704 0.11784
-1.40741 3.03704 0.131021
-1.33333 3.03704 0.143106
-1.25926 3.03704 0.154116
-1.18519 3.03704 0.16409
-1.11111 3.03704 0.173079
-1.03704 3.03704 0.181142
-0.962963 3.03704 0.188341
-0.888889 3.03704 0.194738
-0.814815 3.03704 0.200394
-0.740741 3.03704 0.205365
-0.666667 3.03704 0.209705
-0.592593 3.03704 0.213462
-0.518519 3.03704 0.216679
-0.444444 3.03704 0.219392
-0.37037 3.03704 0.221634
-0.296296 3.03704 0.223433
-0.222222 3.03704 0.224809
-0.148148 3.03704 0.225781
-0.0740741 3.03704 0.226359
0 3.03704 0.226551
0.0740741 3.03704 0.226359
0.148148 3.03704 0.225781
0.222222 3.03704 0.22481
0.296296 3.03704 0.223434
0.37037 3.03704 0.221636
0.444444 3.03704 0.219394
0.518519 3.03704 0.216681
0.592593 3.03704 0.213464
0.666667 3.03704 0.209708
0.740741 3.03704 0.205368
0.814815 3.03704 0.200396
0.888889 3.03704 0.19474
0.962963 3.03704 0.188343
1.03704 3.03704 0.181145
1.11111 3.03704 0.173082
1.18519 3.03704 0.164092
1.25926 3.03704 0.154118
1.33333 3.03704 0.143108
1.40741 3.03704 0.131023
1.48148 3.03704 0.117842
1.55556 3.03704 0.103571
1.62963 3.03704 0.0882462
1.7037 3.03704 0.0719446
1.77778 3.03704 0.0547857
1.85185 3.03704 0.0369338
1.92593 3.03704 0.0185933
2 3.03704 0
-2 3.11111 0
-1.92593 3.11111 0.0208661
-1.85185 3.11111 0.041412
-1.77778 3.11111 0.0613422
-1.7037 3.11111 0.0804068
-1.62963 3.11111 0.0984131
-1.55556 3.11111 0.115229
-1.48148 3.11111 0.13078
-1.40741 3.11111 0.145039
-1.33333 3.11111 0.158021
-1.25926 3.11111 0.169768
-1.18519 3.11111 0.18034
-1.11111 3.11111 0.18981
-1.03704 3.11111 0.198257
-0.962963 3.11111 0.205761
-0.888889 3.11111 0.212398
-0.814815 3.11111 0.218241
-0.740741 3.11111 0.223359
-0.666667 3.11111 0.227812
-0.592593 3.11111 0.231656
-0.518519 3.11111 0.234939
-0.444444 3.11111 0.237702
-0.37037 3.11111 0.239982
-0.296296 3.11111 0.241808
-0.222222 3.11111 0.243204
-0.148148 3.11111 0.244189
-0.0740741 3.11111 0.244774
0 3.11111 0.244968
0.0740741 3.11111 0.244774
0.148148 3.11111 0.244189
0.222222 3.11111 0.243205
0.296296 3.11111 0.241809
0.37037 3.11111 0.239984
0.444444 3.11111 0.237704
0.518519 3.11111 0.234941
0.592593 3.11111 0.231658
0.666667 3.11111 0.227815
0.740741 3.11111 0.223361
0.814815 3.11111 0.218244
0.888889 3.11111 0.2124
0.962963 3.11111 0.205763
1.03704 3.11111 0.19826
1.11111 3.11111 0.189813
1.18519 3.11111 0.180342
1.25926 3.11111 0.16977
1.33333 3.11111 0.158024
1.40741 3.11111 0.145042
1.48148 3.11111 0.130782
1.55556 3.11111 0.115231
1.62963 3.11111 0.098415
1.7037 3.11111 0.0804084
1.77778 3.11111 0.0613434
1.85185 3.11111 0.0414128
1.92593 3.11111 0.0208666
2 3.11111 0
-2 3.18519 0
-1.92593 3.18519 0.0234598
-1.85185 3.18519 0.0465066
-1.77778 3.18519 0.0687655
-1.7037 3.18519 0.0899291
-1.62963 3.18519 0.109772
-1.55556 3.18519 0.128154
-1.48148 3.18519 0.14501
-1.40741 3.18519 0.160336
-1.33333 3.18519 0.174173
-1.25926 3.18519 0.186594
-1.18519 3.18519 0.197691
-1.11111 3.18519 0.207565
-1.03704 3.18519 0.216317
-0.962963 3.18519 0.224047
-0.888889 3.18519 0.230851
-0.814815 3.18519 0.236815
-0.740741 3.18519 0.242017
-0.666667 3.18519 0.246529
-0.592593 3.18519 0.250411
-0.518519 3.18519 0.253719
-0.444444 3.18519 0.256497
-0.37037 3.18519 0.258784
-0.296296 3.18519 0.260614
-0.222222 3.18519 0.262011
-0.148148 3.18519 0.262995
-0.0740741 3.18519 0.263581
0 3.18519 0.263775
0.0740741 3.18519 0.263581
0.148148 3.18519 0.262996
0.222222 3.18519 0.262012
0.296296 3.18519 0.260615
0.37037 3.18519 0.258786
0.444444 3.18519 0.256498
0.518519 3.18519 0.253721
0.592593 3.18519 0.250413
0.666667 3.18519 0.246531
0.740741 3.18519 0.24202
0.814815 3.18519 0.236817
0.888889 3.18519 0.230854
0.962963 3.18519 0.22405
1.03704 3.18519 0.21632
1.11111 3.18519 0.207568
1.18519 3.18519 0.197694
1.25926 3.18519 0.186597
1.33333 3.18519 0.174175
1.40741 3.18519 0.160338
1.48148 3.18519 0.145013
1.55556 3.18519 0.128157
1.62963 3.18519 0.109774
1.7037 3.18519 0.0899307
1.77778 3.18519 0.0687668
1.85185 3.18519 0.0465074
1.92593 3.18519 0.0234602
2 3.18519 0
-2 3.25926 0
-1.92593 3.25926 0.0264664
-1.85185 3.25926 0.0523891
-1.77778 3.25926 0.0772842
-1.7037 3.25926 0.100772
-1.62963 3.25926 0.122593
-1.55556 3.25926 0.142606
-1.48148 3.25926 0.160771
-1.40741 3.25926 0.17712
-1.33333 3.25926 0.19174
-1.25926 3.25926 0.204745
-1.18519 3.25926 0.216267
-1.11111 3.25926 0.226441
-1.03704 3.25926 0.235398
-0.962963 3.25926 0.243261
-0.888889 3.25926 0.250145
-0.814815 3.25926 0.25615
-0.740741 3.25926 0.261367
-0.666667 3.25926 0.265875
-0.592593 3.25926 0.269742
-0.518519 3.25926 0.273028
-0.444444 3.25926 0.275781
-0.37037 3.25926 0.278045
-0.296296 3.25926 0.279853
-0.222222 3.25926 0.281231
-0.148148 3.25926 0.282202
-0.0740741 3.25926 0.282778
0 3.25926 0.28297
0.0740741 3.25926 0.282779
0.148148 3.25926 0.282202
0.222222 3.25926 0.281232
0.296296 3.25926 0.279854
0.37037 3.25926 0.278047
0.444444 3.25926 0.275783
0.518519 3.25926 0.27303
0.592593 3.25926 0.269744
0.666667 3.25926 0.265877
0.740741 3.25926 0.261369
0.814815 3.25926 0.256153
0.888889 3.25926 0.250148
0.962963 3.25926 0.243264
1.03704 3.25926 0.235401
1.11111 3.25926 0.226444
1.18519 3.25926 0.21627
1.25926 3.25926 0.204748
1.33333 3.25926 0.191743
1.40741 3.25926 0.177123
1.48148 3.25926 0.160773
1.55556 3.25926 0.142609
1.62963 3.25926 0.122595
1.7037 3.25926 0.100773
1.77778 3.25926 0.0772856
1.85185 3.25926 0.05239
1.92593 3.25926 0.0264669
2 3.25926 0
-2 3.33333 0
-1.92593 3.33333 0.0300169
-1.85185 3.33333 0.0592991
-1.77778 3.33333 0.0872108
-1.7037 3.33333 0.113281
-1.62963 3.33333 0.137221
-1.55556 3.33333 0.158907
-1.48148 3.33333 0.178347
-1.40741 3.33333 0.195636
-1.33333 3.33333 0.210921
-1.25926 3.33333 0.224379
-1.18519 3.33333 0.236191
-1.11111 3.33333 0.246534
-1.03704 3.33333 0.255572
-0.962963 3.33333 0.263455
-0.888889 3.33333 0.270317
-0.814815 3.33333 0.276273
-0.740741 3.33333 0.281426
-0.666667 3.33333 0.285861
-0.592593 3.33333 0.289655
-0.518519 3.33333 0.292869
-0.444444 3.33333 0.295557
-0.37037 3.33333 0.297762
-0.296296 3.33333 0.29952
-0.222222 3.33333 0.30086
-0.148148 3.33333 0.301802
-0.0740741 3.33333 0.302362
0 3.33333 0.302547
0.0740741 3.33333 0.302362
0.148148 3.33333 0.301803
0.222222 3.33333 0.300861
0.296296 3.33333 0.299522
0.37037 3.33333 0.297764
0.444444 3.33333 0.295558
0.518519 3.33333 0.292871
0.592593 3.33333 0.289657
0.666667 3.33333 0.285864
0.740741 3.33333 0.281428
0.814815 3.33333 0.276276
0.888889 3.33333 0.27032
0.962963 3.33333 0.263459
1.03704 3.33333 0.255575
1.11111 3.33333 0.246537
1.18519 3.33333 0.236194
1.25926 3.33333 0.224382
1.33333 3.33333 0.210924
1.40741 3.33333 0.195638
1.48148 3.33333 0.17835
1.55556 3.33333 0.15891
1.62963 3.33333 0.137223
1.7037 3.33333 0.113283
1.77778 3.33333 0.0872122
1.85185 3.33333 0.0593
1.92593 3.33333 0.0300174
2 3.33333 0
-2 3.40741 0
-1.92593 3.40741 0.0343023
-1.85185 3.40741 0.0675795
-1.77778 3.40741 0.0989792
-1.7037 3.40741 0.12792
-1.62963 3.40741 0.154102
-1.55556 3.40741 0.177455
-1.48148 3.40741 0.198075
-1.40741 3.40741 0.216153
-1.33333 3.40741 0.231931
-1.25926 3.40741 0.24566
-1.18519 3.40741 0.257585
-1.11111 3.40741 0.267931
-1.03704 3.40741 0.276902
-0.962963 3.40741 0.284672
-0.888889 3.40741 0.291395
-0.814815 3.40741 0.297201
-0.740741 3.40741 0.302201
-0.666667 3.40741 0.30649
-0.592593 3.40741 0.310147
-0.518519 3.40741 0.313236
-0.444444 3.40741 0.315815
-0.37037 3.40741 0.317926
-0.296296 3.40741 0.319607
-0.222222 3.40741 0.320887
-0.148148 3.40741 0.321786
-0.0740741 3.40741 0.322319
0 3.40741 0.322496
0.0740741 3.40741 0.32232
0.148148 3.40741 0.321786
0.222222 3.40741 0.320888
0.296296 3.40741 0.319609
0.37037 3.40741 0.317928
0.444444 3.40741 0.315817
0.518519 3.40741 0.313239
0.592593 3.40741 0.310149
0.666667 3.40741 0.306493
0.740741 3.40741 0.302204
0.814815 3.40741 0.297204
0.888889 3.40741 0.291398
0.962963 3.40741 0.284675
1.03704 3.40741 0.276905
1.11111 3.40741 0.267935
1.18519 3.40741 0.257588
1.25926 3.40741 0.245663
1.33333 3.40741 0.231934
1.40741 3.40741 0.216156
1.48148 3.40741 0.198077
1.55556 3.40741 0.177457
1.62963 3.40741 0.154104
1.7037 3.40741 0.127922
1.77778 3.40741 0.0989807
1.85185 3.40741 0.0675804
1.92593 3.40741 0.0343028
2 3.40741 0
-2 3.48148 0
-1.92593 3.48148 0.0396128
-1.85185 3.48148 0.0777373
-1.77778 3.48148 0.113207
-1.7037 3.48148 0.145319
-1.62963 3.48148 0.173811
-1.55556 3.48148 0.198737
-1.48148 3.48148 0.220344
-1.40741 3.48148 0.238973
-1.33333 3.48148 0.254989
-1.25926 3.48148 0.268744
-1.18519 3.48148 0.280556
-1.11111 3.48148 0.290706
-1.03704 3.48148 0.299431
-0.962963 3.48148 0.306936
-0.888889 3.48148 0.31339
-0.814815 3.48148 0.318934
-0.740741 3.48148 0.323689
-0.666667 3.48148 0.327752
-0.592593 3.48148 0.331205
-0.518519 3.48148 0.334116
-0.444444 3.48148 0.33654
-0.37037 3.48148 0.338521
-0.296296 3.48148 0.340096
-0.222222 3.48148 0.341294
-0.148148 3.48148 0.342135
-0.0740741 3.48148 0.342634
0 3.48148 0.342799
0.0740741 3.48148 0.342634
0.148148 3.48148 0.342135
0.222222 3.48148 0.341295
0.296296 3.48148 0.340098
0.37037 3.48148 0.338523
0.444444 3.48148 0.336542
0.518519 3.48148 0.334118
0.592593 3.48148 0.331208
0.666667 3.48148 0.327755
0.740741 3.48148 0.323692
0.814815 3.48148 0.318938
0.888889 3.48148 0.313393
0.962963 3.48148 0.306939
1.03704 3.48148 0.299435
1.11111 3.48148 0.290709
1.18519 3.48148 0.28056
1.25926 3.48148 0.268747
1.33333 3.48148 0.254992
1.40741 3.48148 0.238976
1.48148 3.48148 0.220346
1.55556 3.48148 0.198739
1.62963 3.48148 0.173813
1.7037 3.48148 0.145321
1.77778 3.48148 0.113208
1.85185 3.48148 0.0777383
1.92593 3.48148 0.0396133
2 3.48148 0
-2 3.55556 0
-1.92593 3.55556 0.0464117
-1.85185 3.55556 0.0905505
-1.77778 3.55556 0.13079
-1.7037 3.55556 0.16634
-1.62963 3.55556 0.197087
-1.55556 3.55556 0.223337
-1.48148 3.55556 0.245591
-1.40741 3.55556 0.264405
-1.33333 3.55556 0.280309
-1.25926 3.55556 0.293771
-1.18519 3.55556 0.305192
-1.11111 3.55556 0.314904
-1.03704 3.55556 0.323182
-0.962963 3.55556 0.330251
-0.888889 3.55556 0.336293
-0.814815 3.55556 0.341458
-0.740741 3.55556 0.345869
-0.666667 3.55556 0.349625
-0.592593 3.55556 0.352807
-0.518519 3.55556 0.355483
-0.444444 3.55556 0.357707
-0.37037 3.55556 0.359522
-0.296296 3.55556 0.360964
-0.222222 3.55556 0.362058
-0.148148 3.55556 0.362826
-0.0740741 3.55556 0.363282
0 3.55556 0.363433
0.0740741 3.55556 0.363282
0.148148 3.55556 0.362827
0.222222 3.55556 0.362059
0.296296 3.55556 0.360965
0.37037 3.55556 0.359524
0.444444 3.55556 0.357709
0.518519 3.55556 0.355485
0.592593 3.55556 0.35281
0.666667 3.55556 0.349627
0.740741 3.55556 0.345872
0.814815 3.55556 0.341462
0.888889 3.55556 0.336296
0.962963 3.55556 0.330254
1.03704 3.55556 0.323186
1.11111 3.55556 0.314908
1.18519 3.55556 0.305195
1.25926 3.55556 0.293774
1.33333 3.55556 0.280312
1.40741 3.55556 0.264408
1.48148 3.55556 0.245594
1.55556 3.55556 0.223339
1.62963 3.55556 0.197089
1.7037 3.55556 0.166342
1.77778 3.55556 0.130792
1.85185 3.55556 0.0905515
1.92593 3.55556 0.0464123
2 3.55556 0
-2 3.62963 0
-1.92593 3.62963 0.0554837
-1.85185 3.62963 0.107263
-1.77778 3.62963 0.153064
-1.7037 3.62963 0.192163
-1.62963 3.62963 0.22486
-1.55556 3.62963 0.251932
-1.48148 3.62963 0.274278
-1.40741 3.62963 0.292749
-1.33333 3.62963 0.30807
-1.25926 3.62963 0.32084
-1.18519 3.62963 0.331536
-1.11111 3.62963 0.340537
-1.03704 3.62963 0.348143
-0.962963 3.62963 0.354593
-0.888889 3.62963 0.360074
-0.814815 3.62963 0.364737
-0.740741 3.62963 0.368704
-0.666667 3.62963 0.37207
-0.592593 3.62963 0.374916
-0.518519 3.62963 0.377303
-0.444444 3.62963 0.379283
-0.37037 3.62963 0.380897
-0.296296 3.62963 0.382178
-0.222222 3.62963 0.383149
-0.148148 3.62963 0.383831
-0.0740741 3.62963 0.384234
0 3.62963 0.384368
0.0740741 3.62963 0.384235
0.148148 3.62963 0.383831
0.222222 3.62963 0.38315
0.296296 3.62963 0.382179
0.37037 3.62963 0.380899
0.444444 3.62963 0.379285
0.518519 3.62963 0.377305
0.592593 3.62963 0.374918
0.666667 3.62963 0.372073
0.740741 3.62963 0.368707
0.814815 3.62963 0.364741
0.888889 3.62963 0.360077
0.962963 3.62963 0.354596
1.03704 3.62963 0.348147
1.11111 3.62963 0.34054
1.18519 3.62963 0.331539
1.25926 3.62963 0.320843
1.33333 3.62963 0.308073
1.40741 3.62963 0.292752
1.48148 3.62963 0.274281
1.55556 3.62963 0.251934
1.62963 3.62963 0.224863
1.7037 3.62963 0.192165
1.77778 3.62963 0.153065
1.85185 3.62963 0.107264
1.92593 3.62963 0.0554842
2 3.62963 0
-2 3.7037 0
-1.92593 3.7037 0.0682602
-1.85185 3.7037 0.129953
-1.77778 3.7037 0.182039
-1.7037 3.7037 0.224389
-1.62963 3.7037 0.25826
-1.55556 3.7037 0.285252
-1.48148 3.7037 0.306843
-1.40741 3.7037 0.324241
-1.33333 3.7037 0.338384
-1.25926 3.7037 0.349982
-1.18519 3.7037 0.359574
-1.11111 3.7037 0.367564
-1.03704 3.7037 0.374262
-0.962963 3.7037 0.379904
-0.888889 3.7037 0.384673
-0.814815 3.7037 0.388714
-0.740741 3.7037 0.392139
-0.666667 3.7037 0.395038
-0.592593 3.7037 0.397482
-0.518519 3.7037 0.39953
-0.444444 3.7037 0.401226
-0.37037 3.7037 0.402607
-0.296296 3.7037 0.403701
-0.222222 3.7037 0.404531
-0.148148 3.7037 0.405113
-0.0740741 3.7037 0.405457
0 3.7037 0.405572
0.0740741 3.7037 0.405458
0.148148 3.7037 0.405113
0.222222 3.7037 0.404532
0.296296 3.7037 0.403703
0.37037 3.7037 0.402608
0.444444 3.7037 0.401228
0.518519 3.7037 0.399532
0.592593 3.7037 0.397485
0.666667 3.7037 0.39504
0.740741 3.7037 0.392142
0.814815 3.7037 0.388717
0.888889 3.7037 0.384676
0.962963 3.7037 0.379907
1.03704 3.7037 0.374265
1.11111 3.7037 0.367568
1.18519 3.7037 0.359578
1.25926 3.7037 0.349986
1.33333 3.7037 0.338387
1.40741 3.7037 0.324244
1.48148 3.7037 0.306845
1.55556 3.7037 0.285254
1.62963 3.7037 0.258262
1.7037 3.7037 0.224391
1.77778 3.7037 0.18204
1.85185 3.7037 0.129954
1.92593 3.7037 0.0682608
2 3.7037 0
-2 3.77778 0
-1.92593 3.77778 0.0876039
-1.85185 3.77778 0.162252
-1.77778 3.77778 0.220749
-1.7037 3.77778 0.265095
-1.62963 3.77778 0.298537
-1.55556 3.77778 0.323973
-1.48148 3.77778 0.3436
-1.40741 3.77778 0.358989
-1.33333 3.77778 0.371241
-1.25926 3.77778 0.381133
-1.18519 3.77778 0.389214
-1.11111 3.77778 0.395885
-1.03704 3.77778 0.401436
-0.962963 3.77778 0.406087
-0.888889 3.77778 0.410001
-0.814815 3.77778 0.413306
-0.740741 3.77778 0.4161
-0.666667 3.77778 0.41846
-0.592593 3.77778 0.420446
-0.518519 3.77778 0.422108
-0.444444 3.77778 0.423484
-0.37037 3.77778 0.424603
-0.296296 3.77778 0.425489
-0.222222 3.77778 0.426161
-0.148148 3.77778 0.426632
-0.0740741 3.77778 0.426911
0 3.77778 0.427003
0.0740741 3.77778 0.426911
0.148148 3.77778 0.426633
0.222222 3.77778 0.426162
0.296296 3.77778 0.425491
0.37037 3.77778 0.424605
0.444444 3.77778 0.423486
0.518519 3.77778 0.422111
0.592593 3.77778 0.420449
0.666667 3.77778 0.418462
0.740741 3.77778 0.416103
0.814815 3.77778 0.413309
0.888889 3.77778 0.410004
0.962963 3.77778 0.40609
1.03704 3.77778 0.40144
1.11111 3.77778 0.395888
1.18519 3.77778 0.389218
1.25926 3.77778 0.381136
1.33333 3.77778 0.371244
1.40741 3.77778 0.358992
1.48148 3.77778 0.343603
1.55556 3.77778 0.323975
1.62963 3.77778 0.298539
1.7037 3.77778 0.265097
1.77778 3.77778 0.22075
1.85185 3.77778 0.162253
1.92593 3.77778 0.0876045
2 3.77778 0
-2 3.85185 0
-1.92593 3.85185 0.119904
-1.85185 3.85185 0.2107
-1.77778 3.85185 0.273609
-1.7037 3.85185 0.316706
-1.62963 3.85185 0.346821
-1.55556 3.85185 0.368502
-1.48148 3.85185 0.384596
-1.40741 3.85185 0.396873
-1.33333 3.85185 0.40646
-1.25926 3.85185 0.414092
-1.18519 3.85185 0.420266
-1.11111 3.85185 0.425325
-1.03704 3.85185 0.429512
-0.962963 3.85185 0.433006
-0.888889 3.85185 0.435938
-0.814815 3.85185 0.438409
-0.740741 3.85185 0.440495
-0.666667 3.85185 0.442255
-0.592593 3.85185 0.443736
-0.518519 3.85185 0.444974
-0.444444 3.85185 0.445999
-0.37037 3.85185 0.446832
-0.296296 3.85185 0.447492
-0.222222 3.85185 0.447993
-0.148148 3.85185 0.448344
-0.0740741 3.85185 0.448551
0 3.85185 0.44862
0.0740741 3.85185 0.448552
0.148148 3.85185 0.448344
0.222222 3.85185 0.447994
0.296296 3.85185 0.447494
0.37037 3.85185 0.446834
0.444444 3.85185 0.446001
0.518519 3.85185 0.444976
0.592593 3.85185 0.443738
0.666667 3.85185 0.442258
0.740741 3.85185 0.440498
0.814815 3.85185 0.438412
0.888889 3.85185 0.435942
0.962963 3.85185 0.433009
1.03704 3.85185 0.429516
1.11111 3.85185 0.425328
1.18519 3.85185 0.42027
1.25926 3.85185 0.414096
1.33333 3.85185 0.406463
1.40741 3.85185 0.396876
1.48148 3.85185 0.384598
1.55556 3.85185 0.368505
1.62963 3.85185 0.346823
1.7037 3.85185 0.316708
1.77778 3.85185 0.273611
1.85185 3.85185 0.210701
1.92593 3.85185 0.119905
2 3.85185 0
-2 3.92593 0
-1.92593 3.92593 0.181312
-1.85185 3.92593 0.287037
-1.77778 3.92593 0.346282
-1.7037 3.92593 0.3813
-1.62963 3.92593 0.403539
-1.55556 3.92593 0.418621
-1.48148 3.92593 0.429407
-1.40741 3.92593 0.437447
-1.33333 3.92593 0.443633
-1.25926 3.92593 0.448511
-1.18519 3.92593 0.452434
-1.11111 3.92593 0.455636
-1.03704 3.92593 0.458282
-0.962963 3.92593 0.460487
-0.888889 3.92593 0.462338
-0.814815 3.92593 0.463898
-0.740741 3.92593 0.465216
-0.666667 3.92593 0.46633
-0.592593 3.92593 0.467268
-0.518519 3.92593 0.468054
-0.444444 3.92593 0.468705
-0.37037 3.92593 0.469235
-0.296296 3.92593 0.469655
-0.222222 3.92593 0.469974
-0.148148 3.92593 0.470198
-0.0740741 3.92593 0.470331
0 3.92593 0.470375
0.0740741 3.92593 0.470331
0.148148 3.92593 0.470199
0.222222 3.92593 0.469976
0.296296 3.92593 0.469657
0.37037 3.92593 0.469237
0.444444 3.92593 0.468707
0.518519 3.92593 0.468056
0.592593 3.92593 0.467271
0.666667 3.92593 0.466333
0.740741 3.92593 0.465219
0.814815 3.92593 0.463901
0.888889 3.92593 0.462341
0.962963 3.92593 0.46049
1.03704 3.92593 0.458285
1.11111 3.92593 0.45564
1.18519 3.92593 0.452438
1.25926 3.92593 0.448515
1.33333 3.92593 0.443636
1.40741 3.92593 0.43745
1.48148 3.92593 0.42941
1.55556 3.92593 0.418623
1.62963 3.92593 0.403541
1.7037 3.92593 0.381302
1.77778 3.92593 0.346283
1.85185 3.92593 0.287038
1.92593 3.92593 0.181312
2 3.92593 0
-2 4 0
-1.92593 4 0.318307
-1.85185 4 0.409853
-1.77778 4 0.443182
-1.7037 4 0.458672
-1.62963 4 0.467413
-1.55556 4 0.473034
-1.48148 4 0.476966
-1.40741 4 0.479875
-1.33333 4 0.482113
-1.25926 4 0.483887
-1.18519 4 0.485322
-1.11111 4 0.486505
-1.03704 4 0.487491
-0.962963 4 0.488323
-0.888889 4 0.489028
-0.814815 4 0.489629
-0.740741 4 0.490142
-0.666667 4 0.49058
-0.592593 4 0.490953
-0.518519 4 0.491268
-0.444444 4 0.491532
-0.37037 4 0.491748
-0.296296 4 0.49192
-0.222222 4 0.492052
-0.148148 4 0.492144
-0.0740741 4 0.4922
0 4 0.492218
0.0740741 4 0.4922
0.148148 4 0.492145
0.222222 4 0.492053
0.296296 4 0.491922
0.37037 4 0.49175
0.444444 4 0.491534
0.518519 4 0.491271
0.592593 4 0.490956
0.666667 4 0.490583
0.740741 4 0.490145
0.814815 4 0.489632
0.888889 4 0.489031
0.962963 4 0.488326
1.03704 4 0.487495
1.11111 4 0.486508
1.18519 4 0.485326
1.25926 4 0.48389
1.33333 4 0.482117
1.40741 4 0.479878
1.48148 4 0.476969
1.55556 4 0.473037
1.62963 4 0.467416
1.7037 4 0.458674
1.77778 4 0.443183
1.85185 4 0.409854
1.92593 4 0.318307
2 4 0
-2 4.07407 1
-1.92593 4.07407 0.682063
-1.85185 4.07407 0.590885
-1.77778 4.07407 0.557921
-1.7037 4.07407 0.542793
-1.62963 4.07407 0.534408
-1.55556 4.07407 0.529138
-1.48148 4.07407 0.525549
-1.40741 4.07407 0.522974
-1.33333 4.07407 0.521059
-1.25926 4.07407 0.519599
-1.18519 4.07407 0.518464
-1.11111 4.07407 0.51757
-1.03704 4.07407 0.516857
-0.962963 4.07407 0.516284
-0.888889 4.07407 0.515822
-0.814815 4.07407 0.515448
-0.740741 4.07407 0.515144
-0.666667 4.07407 0.514897
-0.592593 4.07407 0.514697
-0.518519 4.07407 0.514535
-0.444444 4.07407 0.514406
-0.37037 4.07407 0.514305
-0.296296 4.07407 0.514226
-0.222222 4.07407 0.514168
-0.148148 4.07407 0.514128
-0.0740741 4.07407 0.514105
0 4.07407 0.514098
0.0740741 4.07407 0.514105
0.148148 4.07407 0.514129
0.222222 4.07407 0.514169
0.296296 4.07407 0.514228
0.37037 4.07407 0.514306
0.444444 4.07407 0.514408
0.518519 4.07407 0.514538
0.592593 4.07407 0.514699
0.666667 4.07407 0.5149
0.740741 4.07407 0.515147
0.814815 4.07407 0.515451
0.888889 4.07407 0.515826
0.962963 4.07407 0.516288
1.03704 4.07407 0.51686
1.11111 4.07407 0.517573
1.18519 4.07407 0.518468
1.25926 4.07407 0.519603
1.33333 4.07407 0.521063
1.40741 4.07407 0.522977
1.48148 4.07407 0.525551
1.55556 4.07407 0.52914
1.62963 4.07407 0.534411
1.7037 4.07407 0.542795
1.77778 4.07407 0.557923
1.85185 4.07407 0.590886
1.92593 4.07407 0.682063
2 4.07407 1
-2 4.14815 1
-1.92593 4.14815 0.819059
-1.85185 4.14815 0.713704
-1.77778 4.14815 0.654825
-1.7037 4.14815 0.620171
-1.62963 4.14815 0.59829
-1.55556 4.14815 0.583559
-1.48148 4.14815 0.573117
-1.40741 4.14815 0.565412
-1.33333 4.14815 0.559551
-1.25926 4.14815 0.554987
-1.18519 4.14815 0.551366
-1.11111 4.14815 0.548453
-1.03704 4.14815 0.546082
-0.962963 4.14815 0.544136
-0.888889 4.14815 0.542529
-0.814815 4.14815 0.541197
-0.740741 4.14815 0.540088
-0.666667 4.14815 0.539166
-0.592593 4.14815 0.538401
-0.518519 4.14815 0.53777
-0.444444 4.14815 0.537254
-0.37037 4.14815 0.536838
-0.296296 4.14815 0.536512
-0.222222 4.14815 0.536267
-0.148148 4.14815 0.536096
-0.0740741 4.14815 0.535995
0 4.14815 0.535962
0.0740741 4.14815 0.535996
0.148148 4.14815 0.536097
0.222222 4.14815 0.536268
0.296296 4.14815 0.536514
0.37037 4.14815 0.53684
0.444444 4.14815 0.537256
0.518519 4.14815 0.537772
0.592593 4.14815 0.538404
0.666667 4.14815 0.539169
0.740741 4.14815 0.540091
0.814815 4.14815 0.5412
0.888889 4.14815 0.542533
0.962963 4.14815 0.54414
1.03704 4.14815 0.546085
1.11111 4.14815 0.548456
1.18519 4.14815 0.551369
1.25926 4.14815 0.55499
1.33333 4.14815 0.559555
1.40741 4.14815 0.565415
1.48148 4.14815 0.573119
1.55556 4.14815 0.583562
1.62963 4.14815 0.598292
1.7037 4.14815 0.620173
1.77778 4.14815 0.654827
1.85185 4.14815 0.713705
1.92593 4.14815 0.81906
2 4.14815 1
-2 4.22222 1
-1.92593 4.22222 0.880469
-1.85185 4.22222 0.790045
-1.77778 4.22222 0.727506
-1.7037 4.22222 0.684775
-1.62963 4.22222 0.655021
-1.55556 4.22222 0.633693
-1.48148 4.22222 0.617947
-1.40741 4.22222 0.606007
-1.33333 4.22222 0.596747
-1.25926 4.22222 0.589431
-1.18519 4.22222 0.583561
-1.11111 4.22222 0.578793
-1.03704 4.22222 0.574882
-0.962963 4.22222 0.57165
-0.888889 4.22222 0.568963
-0.814815 4.22222 0.566721
-0.740741 4.22222 0.564846
-0.666667 4.22222 0.563279
-0.592593 4.22222 0.561973
-0.518519 4.22222 0.56089
-0.444444 4.22222 0.560001
-0.37037 4.22222 0.559283
-0.296296 4.22222 0.558718
-0.222222 4.22222 0.558291
-0.148148 4.22222 0.557994
-0.0740741 4.22222 0.557818
0 4.22222 0.55776
0.0740741 4.22222 0.557819
0.148148 4.22222 0.557995
0.222222 4.22222 0.558292
0.296296 4.22222 0.558719
0.37037 4.22222 0.559285
0.444444 4.22222 0.560003
0.518519 4.22222 0.560892
0.592593 4.22222 0.561976
0.666667 4.22222 0.563282
0.740741 4.22222 0.564849
0.814815 4.22222 0.566724
0.888889 4.22222 0.568966
0.962963 4.22222 0.571653
1.03704 4.22222 0.574886
1.11111 4.22222 0.578796
1.18519 4.22222 0.583564
1.25926 4.22222 0.589434
1.33333 4.22222 0.596751
1.40741 4.22222 0.60601
1.48148 4.22222 0.617949
1.55556 4.22222 0.633696
1.62963 4.22222 0.655023
1.7037 4.22222 0.684777
1.77778 4.22222 0.727508
1.85185 4.22222 0.790046
1.92593 4.22222 0.88047
2 4.22222 1
-2 4.2963 1
-1.92593 4.2963 0.912774
-1.85185 4.2963 0.838502
-1.77778 4.2963 0.780379
-1.7037 4.2963 0.736402
-1.62963 4.2963 0.703325
-1.55556 4.2963 0.678247
-1.48148 4.2963 0.65897
-1.40741 4.2963 0.643922
-1.33333 4.2963 0.632
-1.25926 4.2963 0.622428
-1.18519 4.2963 0.614653
-1.11111 4.2963 0.608277
-1.03704 4.2963 0.603005
-0.962963 4.2963 0.598618
-0.888889 4.2963 0.594952
-0.814815 4.2963 0.591878
-0.740741 4.2963 0.589297
-0.666667 4.2963 0.587132
-0.592593 4.2963 0.585322
-0.518519 4.2963 0.583816
-0.444444 4.2963 0.582578
-0.37037 4.2963 0.581575
-0.296296 4.2963 0.580784
-0.222222 4.2963 0.580187
-0.148148 4.2963 0.57977
-0.0740741 4.2963 0.579524
0 4.2963 0.579442
0.0740741 4.2963 0.579524
0.148148 4.2963 0.579771
0.222222 4.2963 0.580188
0.296296 4.2963 0.580786
0.37037 4.2963 0.581577
0.444444 4.2963 0.58258
0.518519 4.2963 0.583818
0.592593 4.2963 0.585324
0.666667 4.2963 0.587135
0.740741 4.2963 0.5893
0.814815 4.2963 0.591881
0.888889 4.2963 0.594955
0.962963 4.2963 0.598622
1.03704 4.2963 0.603008
1.11111 4.2963 0.60828
1.18519 4.2963 0.614657
1.25926 4.2963 0.622432
1.33333 4.2963 0.632004
1.40741 4.2963 0.643925
1.48148 4.2963 0.658973
1.55556 4.2963 0.678249
1.62963 4.2963 0.703327
1.7037 4.2963 0.736404
1.77778 4.2963 0.78038
1.85185 4.2963 0.838503
1.92593 4.2963 0.912774
2 4.2963 1
-2 4.37037 1
-1.92593 4.37037 0.932123
-1.85185 4.37037 0.870811
-1.77778 4.37037 0.819105
-1.7037 4.37037 0.77713
-1.62963 4.37037 0.743629
-1.55556 4.37037 0.717
-1.48148 4.37037 0.695764
-1.40741 4.37037 0.678711
-1.33333 4.37037 0.664904
-1.25926 4.37037 0.653629
-1.18519 4.37037 0.644348
-1.11111 4.37037 0.636656
-1.03704 4.37037 0.630241
-0.962963 4.37037 0.624867
-0.888889 4.37037 0.620349
-0.814815 4.37037 0.616542
-0.740741 4.37037 0.613333
-0.666667 4.37037 0.610631
-0.592593 4.37037 0.608365
-0.518519 4.37037 0.606476
-0.444444 4.37037 0.604918
-0.37037 4.37037 0.603655
-0.296296 4.37037 0.602658
-0.222222 4.37037 0.601904
-0.148148 4.37037 0.601376
-0.0740741 4.37037 0.601065
0 4.37037 0.600962
0.0740741 4.37037 0.601065
0.148148 4.37037 0.601377
0.222222 4.37037 0.601905
0.296296 4.37037 0.602659
0.37037 4.37037 0.603657
0.444444 4.37037 0.60492
0.518519 4.37037 0.606478
0.592593 4.37037 0.608367
0.666667 4.37037 0.610634
0.740741 4.37037 0.613336
0.814815 4.37037 0.616545
0.888889 4.37037 0.620352
0.962963 4.37037 0.62487
1.03704 4.37037 0.630245
1.11111 4.37037 0.636659
1.18519 4.37037 0.644352
1.25926 4.37037 0.653632
1.33333 4.37037 0.664907
1.40741 4.37037 0.678714
1.48148 4.37037 0.695766
1.55556 4.37037 0.717002
1.62963 4.37037 0.743631
1.7037 4.37037 0.777131
1.77778 4.37037 0.819107
1.85185 4.37037 0.870812
1.92593 4.37037 0.932123
2 4.37037 1
-2 4.44444 1
-1.92593 4.44444 0.944906
-1.85185 4.44444 0.893516
-1.77778 4.44444 0.848101
-1.7037 4.44444 0.809383
-1.62963 4.44444 0.777062
-1.55556 4.44444 0.75036
-1.48148 4.44444 0.728374
-1.40741 4.44444 0.710256
-1.33333 4.44444 0.695275
-1.25926 4.44444 0.682835
-1.18519 4.44444 0.672456
-1.11111 4.44444 0.663757
-1.03704 4.44444 0.656438
-0.962963 4.44444 0.65026
-0.888889 4.44444 0.645034
-0.814815 4.44444 0.640608
-0.740741 4.44444 0.636861
-0.666667 4.44444 0.633695
-0.592593 4.44444 0.631031
-0.518519 4.44444 0.628805
-0.444444 4.44444 0.626965
-0.37037 4.44444 0.62547
-0.296296 4.44444 0.624288
-0.222222 4.44444 0.623394
-0.148148 4.44444 0.622767
-0.0740741 4.44444 0.622397
0 4.44444 0.622274
0.0740741 4.44444 0.622397
0.148148 4.44444 0.622768
0.222222 4.44444 0.623395
0.296296 4.44444 0.62429
0.37037 4.44444 0.625472
0.444444 4.44444 0.626967
0.518519 4.44444 0.628807
0.592593 4.44444 0.631033
0.666667 4.44444 0.633698
0.740741 4.44444 0.636864
0.814815 4.44444 0.640611
0.888889 4.44444 0.645037
0.962963 4.44444 0.650263
1.03704 4.44444 0.656441
1.11111 4.44444 0.66376
1.18519 4.44444 0.672459
1.25926 4.44444 0.682838
1.33333 4.44444 0.695278
1.40741 4.44444 0.710259
1.48148 4.44444 0.728377
1.55556 4.44444 0.750362
1.62963 4.44444 0.777064
1.7037 4.44444 0.809384
1.77778 4.44444 0.848102
1.85185 4.44444 0.893517
1.92593 4.44444 0.944907
2 4.44444 1
-2 4.51852 1
-1.92593 4.51852 0.953987
-1.85185 4.51852 0.910245
-1.77778 4.51852 0.870399
-1.7037 4.51852 0.835239
-1.62963 4.51852 0.804876
-1.55556 4.51852 0.779003
-1.48148 4.51852 0.757118
-1.40741 4.51852 0.738662
-1.33333 4.51852 0.723107
-1.25926 4.51852 0.70998
-1.18519 4.51852 0.698883
-1.11111 4.51852 0.689479
-1.03704 4.51852 0.681493
-0.962963 4.51852 0.674702
-0.888889 4.51852 0.66892
-0.814815 4.51852 0.663996
-0.740741 4.51852 0.659809
-0.666667 4.51852 0.656258
-0.592593 4.51852 0.653259
-0.518519 4.51852 0.650747
-0.444444 4.51852 0.648666
-0.37037 4.51852 0.646973
-0.296296 4.51852 0.645632
-0.222222 4.51852 0.644615
-0.148148 4.51852 0.643903
-0.0740741 4.51852 0.643482
0 4.51852 0.643342
0.0740741 4.51852 0.643482
0.148148 4.51852 0.643904
0.222222 4.51852 0.644616
0.296296 4.51852 0.645633
0.37037 4.51852 0.646974
0.444444 4.51852 0.648668
0.518519 4.51852 0.650749
0.592593 4.51852 0.653262
0.666667 4.51852 0.65626
0.740741 4.51852 0.659812
0.814815 4.51852 0.663999
0.888889 4.51852 0.668923
0.962963 4.51852 0.674705
1.03704 4.51852 0.681497
1.11111 4.51852 0.689482
1.18519 4.51852 0.698886
1.25926 4.51852 0.709984
1.33333 4.51852 0.72311
1.40741 4.51852 0.738665
1.48148 4.51852 0.75712
1.55556 4.51852 0.779006
1.62963 4.51852 0.804878
1.7037 4.51852 0.835241
1.77778 4.51852 0.8704
1.85185 4.51852 0.910246
1.92593 4.51852 0.953987
2 4.51852 1
-2 4.59259 1
-1.92593 4.59259 0.960795
-1.85185 4.59259 0.923077
-1.77778 4.59259 0.888012
-1.7037 4.59259 0.856298
-1.62963 4.59259 0.8282
-1.55556 4.59259 0.80366
-1.48148 4.59259 0.782431
-1.40741 4.59259 0.764169
-1.33333 4.59259 0.748509
-1.25926 4.59259 0.735098
-1.18519 4.59259 0.723615
-1.11111 4.59259 0.713782
-1.03704 4.59259 0.705356
-0.962963 4.59259 0.698134
-0.888889 4.59259 0.691946
-0.814815 4.59259 0.686649
-0.740741 4.59259 0.682122
-0.666667 4.59259 0.678267
-0.592593 4.59259 0.675002
-0.518519 4.59259 0.672259
-0.444444 4.59259 0.669981
-0.37037 4.59259 0.668124
-0.296296 4.59259 0.66665
-0.222222 4.59259 0.665532
-0.148148 4.59259 0.664749
-0.0740741 4.59259 0.664284
0 4.59259 0.664131
0.0740741 4.59259 0.664285
0.148148 4.59259 0.664749
0.222222 4.59259 0.665533
0.296296 4.59259 0.666651
0.37037 4.59259 0.668125
0.444444 4.59259 0.669983
0.518519 4.59259 0.672261
0.592593 4.59259 0.675004
0.666667 4.59259 0.67827
0.740741 4.59259 0.682125
0.814815 4.59259 0.686651
0.888889 4.59259 0.691949
0.962963 4.59259 0.698137
1.03704 4.59259 0.705359
1.11111 4.59259 0.713785
1.18519 4.59259 0.723619
1.25926 4.59259 0.735101
1.33333 4.59259 0.748512
1.40741 4.59259 0.764172
1.48148 4.59259 0.782433
1.55556 4.59259 0.803663
1.62963 4.59259 0.828202
1.7037 4.59259 0.8563
1.77778 4.59259 0.888013
1.85185 4.59259 0.923078
1.92593 4.59259 0.960796
2 4.59259 1
-2 4.66667 1
-1.92593 4.66667 0.966117
-1.85185 4.66667 0.933258
-1.77778 4.66667 0.902273
-1.7037 4.66667 0.873742
-1.62963 4.66667 0.847965
-1.55556 4.66667 0.825008
-1.48148 4.66667 0.804776
-1.40741 4.66667 0.787074
-1.33333 4.66667 0.771663
-1.25926 4.66667 0.758287
-1.18519 4.66667 0.7467
-1.11111 4.66667 0.736677
-1.03704 4.66667 0.728014
-0.962963 4.66667 0.720534
-0.888889 4.66667 0.714083
-0.814815 4.66667 0.70853
-0.740741 4.66667 0.703763
-0.666667 4.66667 0.699687
-0.592593 4.66667 0.696223
-0.518519 4.66667 0.693304
-0.444444 4.66667 0.690875
-0.37037 4.66667 0.688891
-0.296296 4.66667 0.687314
-0.222222 4.66667 0.686116
-0.148148 4.66667 0.685275
-0.0740741 4.66667 0.684777
0 4.66667 0.684612
0.0740741 4.66667 0.684777
0.148148 4.66667 0.685276
0.222222 4.66667 0.686117
0.296296 4.66667 0.687315
0.37037 4.66667 0.688892
0.444444 4.66667 0.690877
0.518519 4.66667 0.693306
0.592593 4.66667 0.696225
0.666667 4.66667 0.69969
0.740741 4.66667 0.703765
0.814815 4.66667 0.708532
0.888889 4.66667 0.714086
0.962963 4.66667 0.720537
1.03704 4.66667 0.728017
1.11111 4.66667 0.73668
1.18519 4.66667 0.746703
1.25926 4.66667 0.758289
1.33333 4.66667 0.771665
1.40741 4.66667 0.787077
1.48148 4.66667 0.804778
1.55556 4.66667 0.82501
1.62963 4.66667 0.847966
1.7037 4.66667 0.873744
1.77778 4.66667 0.902274
1.85185 4.66667 0.933259
1.92593 4.66667 0.966118
2 4.66667 1
-2 4.74074 1
-1.92593 4.74074 0.970415
-1.85185 4.74074 0.941564
-1.77778 4.74074 0.91408
-1.7037 4.74074 0.888432
-1.62963 4.74074 0.864909
-1.55556 4.74074 0.843631
-1.48148 4.74074 0.82459
-1.40741 4.74074 0.80769
-1.33333 4.74074 0.792781
-1.25926 4.74074 0.779686
-1.18519 4.74074 0.768222
-1.11111 4.74074 0.758212
-1.03704 4.74074 0.749489
-0.962963 4.74074 0.741904
-0.888889 4.74074 0.735322
-0.814815 4.74074 0.729625
-0.740741 4.74074 0.724713
-0.666667 4.74074 0.720496
-0.592593 4.74074 0.7169
-0.518519 4.74074 0.713861
-0.444444 4.74074 0.711325
-0.37037 4.74074 0.70925
-0.296296 4.74074 0.707598
-0.222222 4.74074 0.706342
-0.148148 4.74074 0.70546
-0.0740741 4.74074 0.704936
0 4.74074 0.704763
0.0740741 4.74074 0.704937
0.148148 4.74074 0.70546
0.222222 4.74074 0.706343
0.296296 4.74074 0.7076
0.37037 4.74074 0.709251
0.444444 4.74074 0.711327
0.518519 4.74074 0.713862
0.592593 4.74074 0.716902
0.666667 4.74074 0.720498
0.740741 4.74074 0.724715
0.814815 4.74074 0.729628
0.888889 4.74074 0.735324
0.962963 4.74074 0.741907
1.03704 4.74074 0.749492
1.11111 4.74074 0.758215
1.18519 4.74074 0.768225
1.25926 4.74074 0.779688
1.33333 4.74074 0.792783
1.40741 4.74074 0.807693
1.48148 4.74074 0.824592
1.55556 4.74074 0.843633
1.62963 4.74074 0.864911
1.7037 4.74074 0.888434
1.77778 4.74074 0.914081
1.85185 4.74074 0.941565
1.92593 4.74074 0.970416
2 4.74074 1
-2 4.81481 1
-1.92593 4.81481 0.97398
-1.85185 4.81481 0.948503
-1.77778 4.81481 0.92405
-1.7037 4.81481 0.900999
-1.62963 4.81481 0.879608
-1.55556 4.81481 0.860017
-1.48148 4.81481 0.842264
-1.40741 4.81481 0.826315
-1.33333 4.81481 0.812084
-1.25926 4.81481 0.799454
-1.18519 4.81481 0.788291
-1.11111 4.81481 0.77846
-1.03704 4.81481 0.769828
-0.962963 4.81481 0.762271
-0.888889 4.81481 0.755675
-0.814815 4.81481 0.749937
-0.740741 4.81481 0.744967
-0.666667 4.81481 0.740684
-0.592593 4.81481 0.737019
-0.518519 4.81481 0.733913
-0.444444 4.81481 0.731316
-0.37037 4.81481 0.729186
-0.296296 4.81481 0.727488
-0.222222 4.81481 0.726195
-0.148148 4.81481 0.725286
-0.0740741 4.81481 0.724746
0 4.81481 0.724567
0.0740741 4.81481 0.724746
0.148148 4.81481 0.725286
0.222222 4.81481 0.726196
0.296296 4.81481 0.727489
0.37037 4.81481 0.729187
0.444444 4.81481 0.731318
0.518519 4.81481 0.733915
0.592593 4.81481 0.737021
0.666667 4.81481 0.740686
0.740741 4.81481 0.744969
0.814815 4.81481 0.74994
0.888889 4.81481 0.755678
0.962963 4.81481 0.762274
1.03704 4.81481 0.769831
1.11111 4.81481 0.778462
1.18519 4.81481 0.788293
1.25926 4.81481 0.799456
1.33333 4.81481 0.812087
1.40741 4.81481 0.826318
1.48148 4.81481 0.842266
1.55556 4.81481 0.860019
1.62963 4.81481 0.87961
1.7037 4.81481 0.901001
1.77778 4.81481 0.924051
1.85185 4.81481 0.948504
1.92593 4.81481 0.973981
2 4.81481 1
-2 4.88889 1
-1.92593 4.88889 0.977003
-1.85185 4.88889 0.954418
-1.77778 4.88889 0.932617
-1.7037 4.88889 0.911906
-1.62963 4.88889 0.892508
-1.55556 4.88889 0.874563
-1.48148 4.88889 0.858134
-1.40741 4.88889 0.843223
-1.33333 4.88889 0.829788
-1.25926 4.88889 0.817754
-1.18519 4.88889 0.807027
-1.11111 4.88889 0.797508
-1.03704 4.88889 0.789092
-0.962963 4.88889 0.781678
-0.888889 4.88889 0.77517
-0.814815 4.88889 0.769482
-0.740741 4.88889 0.764534
-0.666667 4.88889 0.760253
-0.592593 4.88889 0.756579
-0.518519 4.88889 0.753457
-0.444444 4.88889 0.750841
-0.37037 4.88889 0.74869
-0.296296 4.88889 0.746973
-0.222222 4.88889 0.745664
-0.148148 4.88889 0.744742
-0.0740741 4.88889 0.744195
0 4.88889 0.744014
0.0740741 4.88889 0.744196
0.148148 4.88889 0.744743
0.222222 4.88889 0.745664
0.296296 4.88889 0.746974
0.37037 4.88889 0.748691
0.444444 4.88889 0.750842
0.518519 4.88889 0.753459
0.592593 4.88889 0.756581
0.666667 4.88889 0.760256
0.740741 4.88889 0.764536
0.814815 4.88889 0.769485
0.888889 4.88889 0.775173
0.962963 4.88889 0.78168
1.03704 4.88889 0.789094
1.11111 4.88889 0.797511
1.18519 4.88889 0.80703
1.25926 4.88889 0.817756
1.33333 4.88889 0.82979
1.40741 4.88889 0.843226
1.48148 4.88889 0.858136
1.55556 4.88889 0.874565
1.62963 4.88889 0.89251
1.7037 4.88889 0.911907
1.77778 4.88889 0.932618
1.85185 4.88889 0.954419
1.92593 4.88889 0.977004
2 4.88889 1
-2 4.96296 1
-1.92593 4.96296 0.979615
-1.85185 4.96296 0.959549
-1.77778 4.96296 0.940094
-1.7037 4.96296 0.9215
-1.62963 4.96296 0.903956
-1.55556 4.96296 0.887594
-1.48148 4.96296 0.872486
-1.40741 4.96296 0.858656
-1.33333 4.96296 0.846091
-1.25926 4.96296 0.834745
-1.18519 4.96296 0.824558
-1.11111 4.96296 0.815454
-1.03704 4.96296 0.807354
-0.962963 4.96296 0.800178
-0.888889 4.96296 0.793847
-0.814815 4.96296 0.788288
-0.740741 4.96296 0.783432
-0.666667 4.96296 0.779217
-0.592593 4.96296 0.775588
-0.518519 4.96296 0.772496
-0.444444 4.96296 0.769899
-0.37037 4.96296 0.76776
-0.296296 4.96296 0.76605
-0.222222 4.96296 0.764745
-0.148148 4.96296 0.763825
-0.0740741 4.96296 0.763279
0 4.96296 0.763098
0.0740741 4.96296 0.763279
0.148148 4.96296 0.763826
0.222222 4.96296 0.764745
0.296296 4.96296 0.766051
0.37037 4.96296 0.767762
0.444444 4.96296 0.769901
0.518519 4.96296 0.772498
0.592593 4.96296 0.77559
0.666667 4.96296 0.779219
0.740741 4.96296 0.783434
0.814815 4.96296 0.78829
0.888889 4.96296 0.793849
0.962963 4.96296 0.80018
1.03704 4.96296 0.807356
1.11111 4.96296 0.815456
1.18519 4.96296 0.82456
1.25926 4.96296 0.834748
1.33333 4.96296 0.846093
1.40741 4.96296 0.858659
1.48148 4.96296 0.872488
1.55556 4.96296 0.887596
1.62963 4.96296 0.903958
1.7037 4.96296 0.921501
1.77778 4.96296 0.940095
1.85185 4.96296 0.959549
1.92593 4.96296 0.979616
2 4.96296 1
-2 5.03704 1
-1.92593 5.03704 0.981908
-1.85185 5.03704 0.964068
-1.77778 5.03704 0.946712
-1.7037 5.03704 0.930042
-1.62963 5.03704 0.914223
-1.55556 5.03704 0.89937
-1.48148 5.03704 0.885559
-1.40741 5.03704 0.872826
-1.33333 5.03704 0.861173
-1.25926 5.03704 0.85058
-1.18519 5.03704 0.841005
-1.11111 5.03704 0.832395
-1.03704 5.03704 0.824692
-0.962963 5.03704 0.817832
-0.888889 5.03704 0.811752
-0.814815 5.03704 0.80639
-0.740741 5.03704 0.801689
-0.666667 5.03704 0.797596
-0.592593 5.03704 0.794061
-0.518519 5.03704 0.791041
-0.444444 5.03704 0.788499
-0.37037 5.03704 0.786402
-0.296296 5.03704 0.784723
-0.222222 5.03704 0.78344
-0.148148 5.03704 0.782535
-0.0740741 5.03704 0.781997
0 5.03704 0.781819
0.0740741 5.03704 0.781998
0.148148 5.03704 0.782536
0.222222 5.03704 0.783441
0.296296 5.03704 0.784724
0.37037 5.03704 0.786403
0.444444 5.03704 0.7885
0.518519 5.03704 0.791043
0.592593 5.03704 0.794062
0.666667 5.03704 0.797597
0.740741 5.03704 0.801691
0.814815 5.03704 0.806392
0.888889 5.03704 0.811754
0.962963 5.03704 0.817834
1.03704 5.03704 0.824694
1.11111 5.03704 0.832398
1.18519 5.03704 0.841007
1.25926 5.03704 0.850582
1.33333 5.03704 0.861175
1.40741 5.03704 0.872828
1.48148 5.03704 0.885561
1.55556 5.03704 0.899372
1.62963 5.03704 0.914224
1.7037 5.03704 0.930044
1.77778 5.03704 0.946713
1.85185 5.03704 0.964068
1.92593 5.03704 0.981909
2 5.03704 1
-2 5.11111 1
-1.92593 5.11111 0.983951
-1.85185 5.11111 0.968102
-1.77778 5.11111 0.952642
-1.7037 5.11111 0.937736
-1.62963 5.11111 0.923522
-1.55556 5.11111 0.910105
-1.48148 5.11111 0.897555
-1.40741 5.11111 0.885915
-1.33333 5.11111 0.875197
-1.25926 5.11111 0.865396
-1.18519 5.11111 0.856486
-1.11111 5.11111 0.848431
-1.03704 5.11111 0.841188
-0.962963 5.11111 0.834707
-0.888889 5.11111 0.828939
-0.814815 5.11111 0.823832
-0.740741 5.11111 0.81934
-0.666667 5.11111 0.815415
-0.592593 5.11111 0.812018
-0.518519 5.11111 0.809108
-0.444444 5.11111 0.806654
-0.37037 5.11111 0.804627
-0.296296 5.11111 0.803001
-0.222222 5.11111 0.801756
-0.148148 5.11111 0.800879
-0.0740741 5.11111 0.800357
0 5.11111 0.800183
0.0740741 5.11111 0.800357
0.148148 5.11111 0.800879
0.222222 5.11111 0.801757
0.296296 5.11111 0.803001
0.37037 5.11111 0.804628
0.444444 5.11111 0.806656
0.518519 5.11111 0.80911
0.592593 5.11111 0.812019
0.666667 5.11111 0.815417
0.740741 5.11111 0.819342
0.814815 5.11111 0.823834
0.888889 5.11111 0.828941
0.962963 5.11111 0.834709
1.03704 5.11111 0.84119
1.11111 5.11111 0.848433
1.18519 5.11111 0.856488
1.25926 5.11111 0.865398
1.33333 5.11111 0.875199
1.40741 5.11111 0.885916
1.48148 5.11111 0.897557
1.55556 5.11111 0.910106
1.62963 5.11111 0.923524
1.7037 5.11111 0.937737
1.77778 5.11111 0.952643
1.85185 5.11111 0.968103
1.92593 5.11111 0.983951
2 5.11111 1
-2 5.18519 1
-1.92593 5.18519 0.985793
-1.85185 5.18519 0.971748
-1.77778 5.18519 0.958017
-1.7037 5.18519 0.944738
-1.62963 5.18519 0.932025
-1.55556 5.18519 0.919971
-1.48148 5.18519 0.908642
-1.40741 5.18519 0.89808
-1.33333 5.18519 0.888305
-1.25926 5.18519 0.87932
-1.18519 5.18519 0.871111
-1.11111 5.18519 0.863655
-1.03704 5.18519 0.856921
-0.962963 5.18519 0.85087
-0.888889 5.18519 0.845463
-0.814815 5.18519 0.840661
-0.740741 5.18519 0.836422
-0.666667 5.18519 0.832709
-0.592593 5.18519 0.829486
-0.518519 5.18519 0.826721
-0.444444 5.18519 0.824383
-0.37037 5.18519 0.822449
-0.296296 5.18519 0.820896
-0.222222 5.18519 0.819707
-0.148148 5.18519 0.818867
-0.0740741 5.18519 0.818367
0 5.18519 0.818201
0.0740741 5.18519 0.818367
0.148148 5.18519 0.818867
0.222222 5.18519 0.819707
0.296296 5.18519 0.820897
0.37037 5.18519 0.82245
0.444444 5.18519 0.824385
0.518519 5.18519 0.826722
0.592593 5.18519 0.829487
0.666667 5.18519 0.83271
0.740741 5.18519 0.836424
0.814815 5.18519 0.840662
0.888889 5.18519 0.845465
0.962963 5.18519 0.850872
1.03704 5.18519 0.856923
1.11111 5.18519 0.863657
1.18519 5.18519 0.871113
1.25926 5.18519 0.879322
1.33333 5.18519 0.888307
1.40741 5.18519 0.898082
1.48148 5.18519 0.908644
1.55556 5.18519 0.919973
1.62963 5.18519 0.932027
1.7037 5.18519 0.944739
1.77778 5.18519 0.958018
1.85185 5.18519 0.971749
1.92593 5.18519 0.985794
2 5.18519 1
-2 5.25926 1
-1.92593 5.25926 0.987475
-1.85185 5.25926 0.97508
-1.77778 5.25926 0.962942
-1.7037 5.25926 0.951172
-1.62963 5.25926 0.93987
-1.55556 5.25926 0.929113
-1.48148 5.25926 0.918963
-1.40741 5.25926 0.909458
-1.33333 5.25926 0.900624
-1.25926 5.25926 0.892468
-1.18519 5.25926 0.884984
-1.11111 5.25926 0.878159
-1.03704 5.25926 0.87197
-0.962963 5.25926 0.866388
-0.888889 5.25926 0.861384
-0.814815 5.25926 0.856925
-0.740741 5.25926 0.852978
-0.666667 5.25926 0.849512
-0.592593 5.25926 0.846497
-0.518519 5.25926 0.843905
-0.444444 5.25926 0.84171
-0.37037 5.25926 0.839891
-0.296296 5.25926 0.838429
-0.222222 5.25926 0.837308
-0.148148 5.25926 0.836516
-0.0740741 5.25926 0.836044
0 5.25926 0.835887
0.0740741 5.25926 0.836044
0.148148 5.25926 0.836516
0.222222 5.25926 0.837308
0.296296 5.25926 0.838429
0.37037 5.25926 0.839892
0.444444 5.25926 0.841711
0.518519 5.25926 0.843906
0.592593 5.25926 0.846498
0.666667 5.25926 0.849514
0.740741 5.25926 0.85298
0.814815 5.25926 0.856927
0.888889 5.25926 0.861386
0.962963 5.25926 0.86639
1.03704 5.25926 0.871971
1.11111 5.25926 0.878161
1.18519 5.25926 0.884986
1.25926 5.25926 0.892469
1.33333 5.25926 0.900626
1.40741 5.25926 0.90946
1.48148 5.25926 0.918964
1.55556 5.25926 0.929115
1.62963 5.25926 0.939871
1.7037 5.25926 0.951173
1.77778 5.25926 0.962942
1.85185 5.25926 0.975081
1.92593 5.25926 0.987475
2 5.25926 1
-2 5.33333 1
-1.92593 5.33333 0.989025
-1.85185 5.33333 0.978156
-1.77778 5.33333 0.967497
-1.7037 5.33333 0.95714
-1.62963 5.33333 0.947169
-1.55556 5.33333 0.93765
-1.48148 5.33333 0.928636
-1.40741 5.33333 0.920167
-1.33333 5.33333 0.912265
-1.25926 5.33333 0.904942
-1.18519 5.33333 0.898199
-1.11111 5.33333 0.892027
-1.03704 5.33333 0.886411
-0.962963 5.33333 0.88133
-0.888889 5.33333 0.87676
-0.814815 5.33333 0.872677
-0.740741 5.33333 0.869055
-0.666667 5.33333 0.865866
-0.592593 5.33333 0.863085
-0.518519 5.33333 0.860691
-0.444444 5.33333 0.858661
-0.37037 5.33333 0.856976
-0.296296 5.33333 0.85562
-0.222222 5.33333 0.854579
-0.148148 5.33333 0.853844
-0.0740741 5.33333 0.853406
0 5.33333 0.85326
0.0740741 5.33333 0.853406
0.148148 5.33333 0.853844
0.222222 5.33333 0.85458
0.296296 5.33333 0.855621
0.37037 5.33333 0.856977
0.444444 5.33333 0.858662
0.518519 5.33333 0.860692
0.592593 5.33333 0.863087
0.666667 5.33333 0.865867
0.740741 5.33333 0.869056
0.814815 5.33333 0.872679
0.888889 5.33333 0.876762
0.962963 5.33333 0.881331
1.03704 5.33333 0.886412
1.11111 5.33333 0.892029
1.18519 5.33333 0.898201
1.25926 5.33333 0.904944
1.33333 5.33333 0.912267
1.40741 5.33333 0.920168
1.48148 5.33333 0.928638
1.55556 5.33333 0.937651
1.62963 5.33333 0.94717
1.7037 5.33333 0.957141
1.77778 5.33333 0.967498
1.85185 5.33333 0.978157
1.92593 5.33333 0.989025
2 5.33333 1
-2 5.40741 1
-1.92593 5.40741 0.990468
-1.85185 5.40741 0.981023
-1.77778 5.40741 0.971749
-1.7037 5.40741 0.962724
-1.62963 5.40741 0.954015
-1.55556 5.40741 0.94568
-1.48148 5.40741 0.937766
-1.40741 5.40741 0.930308
-1.33333 5.40741 0.923327
-1.25926 5.40741 0.916838
-1.18519 5.40741 0.910843
-1.11111 5.40741 0.905339
-1.03704 5.40741 0.900316
-0.962963 5.40741 0.895759
-0.888889 5.40741 0.89165
-0.814815 5.40741 0.88797
-0.740741 5.40741 0.884697
-0.666667 5.40741 0.88181
-0.592593 5.40741 0.879288
-0.518519 5.40741 0.877113
-0.444444 5.40741 0.875266
-0.37037 5.40741 0.873732
-0.296296 5.40741 0.872496
-0.222222 5.40741 0.871546
-0.148148 5.40741 0.870875
-0.0740741 5.40741 0.870475
0 5.40741 0.870342
0.0740741 5.40741 0.870475
0.148148 5.40741 0.870875
0.222222 5.40741 0.871547
0.296296 5.40741 0.872496
0.37037 5.40741 0.873733
0.444444 5.40741 0.875267
0.518519 5.40741 0.877114
0.592593 5.40741 0.87929
0.666667 5.40741 0.881811
0.740741 5.40741 0.884698
0.814815 5.40741 0.887971
0.888889 5.40741 0.891652
0.962963 5.40741 0.895761
1.03704 5.40741 0.900318
1.11111 5.40741 0.905341
1.18519 5.40741 0.910845
1.25926 5.40741 0.916839
1.33333 5.40741 0.923329
1.40741 5.40741 0.930309
1.48148 5.40741 0.937767
1.55556 5.40741 0.945681
1.62963 5.40741 0.954016
1.7037 5.40741 0.962724
1.77778 5.40741 0.97175
1.85185 5.40741 0.981024
1.92593 5.40741 0.990468
2 5.40741 1
-2 5.48148 1
-1.92593 5.48148 0.991824
-1.85185 5.48148 0.983719
-1.77778 5.48148 0.975753
-1.7037 5.48148 0.96799
-1.62963 5.48148 0.960486
-1.55556 5.48148 0.95329
-1.48148 5.48148 0.946441
-1.40741 5.48148 0.93997
-1.33333 5.48148 0.933898
-1.25926 5.48148 0.928239
-1.18519 5.48148 0.922997
-1.11111 5.48148 0.918171
-1.03704 5.48148 0.913756
-0.962963 5.48148 0.909741
-0.888889 5.48148 0.906112
-0.814815 5.48148 0.902855
-0.740741 5.48148 0.899953
-0.666667 5.48148 0.897388
-0.592593 5.48148 0.895145
-0.518519 5.48148 0.893207
-0.444444 5.48148 0.89156
-0.37037 5.48148 0.89019
-0.296296 5.48148 0.889085
-0.222222 5.48148 0.888236
-0.148148 5.48148 0.887635
-0.0740741 5.48148 0.887277
0 5.48148 0.887158
0.0740741 5.48148 0.887277
0.148148 5.48148 0.887635
0.222222 5.48148 0.888236
0.296296 5.48148 0.889085
0.37037 5.48148 0.89019
0.444444 5.48148 0.891561
0.518519 5.48148 0.893208
0.592593 5.48148 0.895146
0.666667 5.48148 0.89739
0.740741 5.48148 0.899954
0.814815 5.48148 0.902856
0.888889 5.48148 0.906113
0.962963 5.48148 0.909742
1.03704 5.48148 0.913757
1.11111 5.48148 0.918172
1.18519 5.48148 0.922998
1.25926 5.48148 0.92824
1.33333 5.48148 0.9339
1.40741 5.48148 0.939971
1.48148 5.48148 0.946442
1.55556 5.48148 0.953291
1.62963 5.48148 0.960487
1.7037 5.48148 0.967991
1.77778 5.48148 0.975754
1.85185 5.48148 0.98372
1.92593 5.48148 0.991824
2 5.48148 1
-2 5.55556 1
-1.92593 5.55556 0.99311
-1.85185 5.55556 0.986276
-1.77778 5.55556 0.979555
-1.7037 5.55556 0.972997
-1.62963 5.55556 0.96665
-1.55556 5.55556 0.960552
-1.48148 5.55556 0.954738
-1.40741 5.55556 0.949234
-1.33333 5.55556 0.944058
-1.25926 5.55556 0.939222
-1.18519 5.55556 0.934733
-1.11111 5.55556 0.930592
-1.03704 5.55556 0.926795
-0.962963 5.55556 0.923336
-0.888889 5.55556 0.920203
-0.814815 5.55556 0.917386
-0.740741 5.55556 0.914871
-0.666667 5.55556 0.912646
-0.592593 5.55556 0.910697
-0.518519 5.55556 0.909011
-0.444444 5.55556 0.907576
-0.37037 5.55556 0.906382
-0.296296 5.55556 0.905418
-0.222222 5.55556 0.904677
-0.148148 5.55556 0.904153
-0.0740741 5.55556 0.90384
0 5.55556 0.903736
0.0740741 5.55556 0.90384
0.148148 5.55556 0.904153
0.222222 5.55556 0.904678
0.296296 5.55556 0.905419
0.37037 5.55556 0.906383
0.444444 5.55556 0.907577
0.518519 5.55556 0.909012
0.592593 5.55556 0.910698
0.666667 5.55556 0.912647
0.740741 5.55556 0.914872
0.814815 5.55556 0.917387
0.888889 5.55556 0.920204
0.962963 5.55556 0.923337
1.03704 5.55556 0.926797
1.11111 5.55556 0.930593
1.18519 5.55556 0.934734
1.25926 5.55556 0.939223
1.33333 5.55556 0.944059
1.40741 5.55556 0.949235
1.48148 5.55556 0.954739
1.55556 5.55556 0.960553
1.62963 5.55556 0.966651
1.7037 5.55556 0.972998
1.77778 5.55556 0.979556
1.85185 5.55556 0.986277
1.92593 5.55556 0.99311
2 5.55556 1
-2 5.62963 1
-1.92593 5.62963 0.994338
-1.85185 5.62963 0.988721
-1.77778 5.62963 0.983193
-1.7037 5.62963 0.977795
-1.62963 5.62963 0.972563
-1.55556 5.62963 0.967531
-1.48148 5.62963 0.962726
-1.40741 5.62963 0.958169
-1.33333 5.62963 0.953876
-1.25926 5.62963 0.949859
-1.18519 5.62963 0.946123
-1.11111 5.62963 0.94267
-1.03704 5.62963 0.939498
-0.962963 5.62963 0.936603
-0.888889 5.62963 0.933978
-0.814815 5.62963 0.931613
-0.740741 5.62963 0.9295
-0.666667 5.62963 0.927628
-0.592593 5.62963 0.925986
-0.518519 5.62963 0.924564
-0.444444 5.62963 0.923353
-0.37037 5.62963 0.922344
-0.296296 5.62963 0.921529
-0.222222 5.62963 0.920902
-0.148148 5.62963 0.920458
-0.0740741 5.62963 0.920194
0 5.62963 0.920106
0.0740741 5.62963 0.920194
0.148148 5.62963 0.920459
0.222222 5.62963 0.920903
0.296296 5.62963 0.921529
0.37037 5.62963 0.922344
0.444444 5.62963 0.923353
0.518519 5.62963 0.924564
0.592593 5.62963 0.925986
0.666667 5.62963 0.927628
0.740741 5.62963 0.929501
0.814815 5.62963 0.931614
0.888889 5.62963 0.933979
0.962963 5.62963 0.936604
1.03704 5.62963 0.939499
1.11111 5.62963 0.942671
1.18519 5.62963 0.946123
1.25926 5.62963 0.949859
1.33333 5.62963 0.953877
1.40741 5.62963 0.95817
1.48148 5.62963 0.962727
1.55556 5.62963 0.967532
1.62963 5.62963 0.972564
1.7037 5.62963 0.977795
1.77778 5.62963 0.983194
1.85185 5.62963 0.988721
1.92593 5.62963 0.994338
2 5.62963 1
-2 5.7037 1
-1.92593 5.7037 0.995521
-1.85185 5.7037 0.991077
-1.77778 5.7037 0.986701
-1.7037 5.7037 0.982425
-1.62963 5.7037 0.978278
-1.55556 5.7037 0.974284
-1.48148 5.7037 0.970465
-1.40741 5.7037 0.96684
-1.33333 5.7037 0.963419
-1.25926 5.7037 0.960214
-1.18519 5.7037 0.957229
-1.11111 5.7037 0.954466
-1.03704 5.7037 0.951924
-0.962963 5.7037 0.949601
-0.888889 5.7037 0.947492
-0.814815 5.7037 0.94559
-0.740741 5.7037 0.943888
-0.666667 5.7037 0.942379
-0.592593 5.7037 0.941054
-0.518519 5.7037 0.939906
-0.444444 5.7037 0.938927
-0.37037 5.7037 0.938111
-0.296296 5.7037 0.937452
-0.222222 5.7037 0.936945
-0.148148 5.7037 0.936585
-0.0740741 5.7037 0.936371
0 5.7037 0.9363
0.0740741 5.7037 0.936371
0.148148 5.7037 0.936585
0.222222 5.7037 0.936945
0.296296 5.7037 0.937452
0.37037 5.7037 0.938111
0.444444 5.7037 0.938927
0.518519 5.7037 0.939906
0.592593 5.7037 0.941054
0.666667 5.7037 0.942379
0.740741 5.7037 0.943889
0.814815 5.7037 0.945591
0.888889 5.7037 0.947493
0.962963 5.7037 0.949602
1.03704 5.7037 0.951925
1.11111 5.7037 0.954466
1.18519 5.7037 0.957229
1.25926 5.7037 0.960215
1.33333 5.7037 0.96342
1.40741 5.7037 0.96684
1.48148 5.7037 0.970466
1.55556 5.7037 0.974285
1.62963 5.7037 0.978278
1.7037 5.7037 0.982426
1.77778 5.7037 0.986702
1.85185 5.7037 0.991078
1.92593 5.7037 0.995521
2 5.7037 1
-2 5.77778 1
-1.92593 5.77778 0.99667
-1.85185 5.77778 0.993365
-1.77778 5.77778 0.99011
-1.7037 5.77778 0.986927
-1.62963 5.77778 0.983838
-1.55556 5.77778 0.980861
-1.48148 5.77778 0.978012
-1.40741 5.77778 0.975305
-1.33333 5.77778 0.972748
-1.25926 5.77778 0.970349
-1.18519 5.77778 0.968112
-1.11111 5.77778 0.96604
-1.03704 5.77778 0.964132
-0.962963 5.77778 0.962386
-0.888889 5.77778 0.960799
-0.814815 5.77778 0.959367
-0.740741 5.77778 0.958084
-0.666667 5.77778 0.956946
-0.592593 5.77778 0.955946
-0.518519 5.77778 0.955078
-0.444444 5.77778 0.954339
-0.37037 5.77778 0.953722
-0.296296 5.77778 0.953223
-0.222222 5.77778 0.952839
-0.148148 5.77778 0.952567
-0.0740741 5.77778 0.952405
0 5.77778 0.952351
0.0740741 5.77778 0.952405
0.148148 5.77778 0.952567
0.222222 5.77778 0.952839
0.296296 5.77778 0.953223
0.37037 5.77778 0.953722
0.444444 5.77778 0.954339
0.518519 5.77778 0.955079
0.592593 5.77778 0.955946
0.666667 5.77778 0.956946
0.740741 5.77778 0.958085
0.814815 5.77778 0.959367
0.888889 5.77778 0.9608
0.962963 5.77778 0.962387
1.03704 5.77778 0.964132
1.11111 5.77778 0.966041
1.18519 5.77778 0.968113
1.25926 5.77778 0.970349
1.33333 5.77778 0.972748
1.40741 5.77778 0.975305
1.48148 5.77778 0.978013
1.55556 5.77778 0.980862
1.62963 5.77778 0.983839
1.7037 5.77778 0.986928
1.77778 5.77778 0.99011
1.85185 5.77778 0.993365
1.92593 5.77778 0.99667
2 5.77778 1
-2 5.85185 1
-1.92593 5.85185 0.997794
-1.85185 5.85185 0.995604
-1.77778 5.85185 0.993446
-1.7037 5.85185 0.991336
-1.62963 5.85185 0.989286
-1.55556 5.85185 0.987311
-1.48148 5.85185 0.985418
-1.40741 5.85185 0.983619
-1.33333 5.85185 0.981918
-1.25926 5.85185 0.980322
-1.18519 5.85185 0.978832
-1.11111 5.85185 0.97745
-1.03704 5.85185 0.976177
-0.962963 5.85185 0.975012
-0.888889 5.85185 0.973952
-0.814815 5.85185 0.972994
-0.740741 5.85185 0.972136
-0.666667 5.85185 0.971374
-0.592593 5.85185 0.970704
-0.518519 5.85185 0.970123
-0.444444 5.85185 0.969628
-0.37037 5.85185 0.969214
-0.296296 5.85185 0.968879
-0.222222 5.85185 0.968622
-0.148148 5.85185 0.968439
-0.0740741 5.85185 0.968331
0 5.85185 0.968294
0.0740741 5.85185 0.968331
0.148148 5.85185 0.96844
0.222222 5.85185 0.968622
0.296296 5.85185 0.96888
0.37037 5.85185 0.969214
0.444444 5.85185 0.969628
0.518519 5.85185 0.970124
0.592593 5.85185 0.970705
0.666667 5.85185 0.971374
0.740741 5.85185 0.972136
0.814815 5.85185 0.972995
0.888889 5.85185 0.973952
0.962963 5.85185 0.975012
1.03704 5.85185 0.976178
1.11111 5.85185 0.977451
1.18519 5.85185 0.978832
1.25926 5.85185 0.980322
1.33333 5.85185 0.981919
1.40741 5.85185 0.983619
1.48148 5.85185 0.985419
1.55556 5.85185 0.987311
1.62963 5.85185 0.989287
1.7037 5.85185 0.991336
1.77778 5.85185 0.993446
1.85185 5.85185 0.995604
1.92593 5.85185 0.997794
2 5.85185 1
-2 5.92593 1
-1.92593 5.92593 0.998901
-1.85185 5.92593 0.99781
-1.77778 5.92593 0.996735
-1.7037 5.92593 0.995683
-1.62963 5.92593 0.994661
-1.55556 5.92593 0.993676
-1.48148 5.92593 0.992732
-1.40741 5.92593 0.991834
-1.33333 5.92593 0.990985
-1.25926 5.92593 0.990187
-1.18519 5.92593 0.989443
-1.11111 5.92593 0.988752
-1.03704 5.92593 0.988115
-0.962963 5.92593 0.987532
-0.888889 5.92593 0.987001
-0.814815 5.92593 0.986522
-0.740741 5.92593 0.986092
-0.666667 5.92593 0.98571
-0.592593 5.92593 0.985374
-0.518519 5.92593 0.985083
-0.444444 5.92593 0.984834
-0.37037 5.92593 0.984627
-0.296296 5.92593 0.984459
-0.222222 5.92593 0.98433
-0.148148 5.92593 0.984238
-0.0740741 5.92593 0.984184
0 5.92593 0.984165
0.0740741 5.92593 0.984184
0.148148 5.92593 0.984238
0.222222 5.92593 0.98433
0.296296 5.92593 0.984459
0.37037 5.92593 0.984627
0.444444 5.92593 0.984834
0.518519 5.92593 0.985083
0.592593 5.92593 0.985374
0.666667 5.92593 0.98571
0.740741 5.92593 0.986092
0.814815 5.92593 0.986522
0.888889 5.92593 0.987002
0.962963 5.92593 0.987532
1.03704 5.92593 0.988116
1.11111 5.92593 0.988752
1.18519 5.92593 0.989443
1.25926 5.92593 0.990187
1.33333 5.92593 0.990985
1.40741 5.92593 0.991834
1.48148 5.92593 0.992732
1.55556 5.92593 0.993676
1.62963 5.92593 0.994661
1.7037 5.92593 0.995683
1.77778 5.92593 0.996735
1.85185 5.92593 0.99781
1.92593 5.92593 0.998901
2 5.92593 1
-2 6 1
-1.92593 6 1
-1.85185 6 1
-1.77778 6 1
-1.7037 6 1
-1.62963 6 1
-1.55556 6 1
-1.48148 6 1
-1.40741 6 1
-1.33333 6 1
-1.25926 6 1
-1.18519 6 1
-1.11111 6 1
-1.03704 6 1
-0.962963 6 1
-0.888889 6 1
-0.814815 6 1
-0.740741 6 1
-0.666667 6 1
-0.592593 6 1
-0.518519 6 1
-0.444444 6 1
-0.37037 6 1
-0.296296 6 1
-0.222222 6 1
-0.148148 6 1
-0.0740741 6 1
0 6 1
0.0740741 6 1
0.148148 6 1
0.222222 6 1
0.296296 6 1
0.37037 6 1
0.444444 6 1
0.518519 6 1
0.592593 6 1
0.666667 6 1
0.740741 6 1
0.814815 6 1
0.888889 6 1
0.962963 6 1
1.03704 6 1
1.11111 6 1
1.18519 6 1
1.25926 6 1
1.33333 6 1
1.40741 6 1
1.48148 6 1
1.55556 6 1
1.62963 6 1
1.7037 6 1
1.77778 6 1
1.85185 6 1
1.92593 6 1
2 6 1
